nodeid,sensorname,timestamp,timestampint,reading,time_s
11,Bin 12,2021-08-19 17:42:58,1629391378000,0.0,0.0
11,Bin 12,2021-08-19 17:43:01,1629391381000,0.0,3.0
11,Bin 12,2021-08-19 17:43:03,1629391383000,0.0,5.0
11,Bin 12,2021-08-19 17:43:06,1629391386000,0.0,8.0
11,Bin 12,2021-08-19 17:43:08,1629391388000,0.0,10.0
11,Bin 12,2021-08-19 17:43:11,1629391391000,0.0,13.0
11,Bin 12,2021-08-19 17:43:13,1629391393000,0.0,15.000000000000002
11,Bin 12,2021-08-19 17:43:16,1629391396000,0.0,18.0
11,Bin 12,2021-08-19 17:43:19,1629391399000,0.0,21.0
11,Bin 12,2021-08-19 17:43:22,1629391402000,0.0,24.0
11,Bin 12,2021-08-19 17:43:24,1629391404000,0.0,26.0
11,Bin 12,2021-08-19 17:43:27,1629391407000,0.0,29.000000000000004
11,Bin 12,2021-08-19 17:43:29,1629391409000,0.0,31.000000000000004
11,Bin 12,2021-08-19 17:43:32,1629391412000,0.0,34.0
11,Bin 12,2021-08-19 17:43:35,1629391415000,0.0,37.0
11,Bin 12,2021-08-19 17:43:37,1629391417000,0.0,39.0
11,Bin 12,2021-08-19 17:43:40,1629391420000,0.0,42.0
11,Bin 12,2021-08-19 17:43:42,1629391422000,0.0,44.0
11,Bin 12,2021-08-19 17:43:45,1629391425000,0.0,47.0
11,Bin 12,2021-08-19 17:43:47,1629391427000,0.0,49.0
11,Bin 12,2021-08-19 17:43:50,1629391430000,0.0,52.0
11,Bin 12,2021-08-19 17:43:52,1629391432000,0.0,54.0
11,Bin 12,2021-08-19 17:43:55,1629391435000,0.0,57.0
11,Bin 12,2021-08-19 17:43:57,1629391437000,0.17923717200756073,59.00000000000001
11,Bin 12,2021-08-19 17:44:00,1629391440000,0.0,62.00000000000001
11,Bin 12,2021-08-19 17:44:03,1629391443000,0.0,65.0
11,Bin 12,2021-08-19 17:44:06,1629391446000,0.0,68.0
11,Bin 12,2021-08-19 17:44:08,1629391448000,0.18876472115516665,70.0
11,Bin 12,2021-08-19 17:44:11,1629391451000,0.0,73.0
11,Bin 12,2021-08-19 17:44:14,1629391454000,0.0,76.0
11,Bin 12,2021-08-19 17:44:16,1629391456000,0.0,78.0
11,Bin 12,2021-08-19 17:44:18,1629391458000,0.0,80.0
11,Bin 12,2021-08-19 17:44:21,1629391461000,0.0,83.0
11,Bin 12,2021-08-19 17:44:24,1629391464000,0.0,86.0
11,Bin 12,2021-08-19 17:44:26,1629391466000,0.0,88.0
11,Bin 12,2021-08-19 17:44:29,1629391469000,0.0,91.0
11,Bin 12,2021-08-19 17:44:31,1629391471000,0.0,93.0
11,Bin 12,2021-08-19 17:44:34,1629391474000,0.0,96.0
11,Bin 12,2021-08-19 17:44:36,1629391476000,0.0,98.0
11,Bin 12,2021-08-19 17:44:39,1629391479000,0.0,101.0
11,Bin 12,2021-08-19 17:44:41,1629391481000,0.0,103.0
11,Bin 12,2021-08-19 17:44:44,1629391484000,0.0,106.0
11,Bin 12,2021-08-19 17:44:47,1629391487000,0.0,109.0
11,Bin 12,2021-08-19 17:44:50,1629391490000,0.0,112.0
11,Bin 12,2021-08-19 17:44:52,1629391492000,0.0,114.0
11,Bin 12,2021-08-19 17:44:55,1629391495000,0.0,117.00000000000001
11,Bin 12,2021-08-19 17:44:58,1629391498000,0.0,120.00000000000001
11,Bin 12,2021-08-19 17:45:00,1629391500000,0.0,122.00000000000001
11,Bin 12,2021-08-19 17:45:03,1629391503000,0.0,125.00000000000001
11,Bin 12,2021-08-19 17:45:06,1629391506000,0.16421709954738614,128.0
11,Bin 12,2021-08-19 17:45:09,1629391509000,0.0,131.0
11,Bin 12,2021-08-19 17:45:11,1629391511000,0.0,133.0
11,Bin 12,2021-08-19 17:45:14,1629391514000,0.0,136.0
11,Bin 12,2021-08-19 17:45:17,1629391517000,0.0,139.0
11,Bin 12,2021-08-19 17:45:20,1629391520000,0.0,142.0
11,Bin 12,2021-08-19 17:45:23,1629391523000,0.0,145.0
11,Bin 12,2021-08-19 17:45:25,1629391525000,0.0,147.0
11,Bin 12,2021-08-19 17:45:28,1629391528000,0.0,150.0
11,Bin 12,2021-08-19 17:45:31,1629391531000,0.0,153.0
11,Bin 12,2021-08-19 17:45:34,1629391534000,0.0,156.0
11,Bin 12,2021-08-19 17:45:37,1629391537000,0.1618751585483551,159.0
11,Bin 12,2021-08-19 17:45:40,1629391540000,0.0,162.0
11,Bin 12,2021-08-19 17:45:43,1629391543000,0.0,165.0
11,Bin 12,2021-08-19 17:45:46,1629391546000,0.0,168.0
11,Bin 12,2021-08-19 17:45:48,1629391548000,0.0,170.0
11,Bin 12,2021-08-19 17:45:51,1629391551000,0.0,173.0
11,Bin 12,2021-08-19 17:45:54,1629391554000,0.0,176.0
11,Bin 12,2021-08-19 17:45:57,1629391557000,0.0,179.0
11,Bin 12,2021-08-19 17:46:00,1629391560000,0.0,182.0
11,Bin 12,2021-08-19 17:46:02,1629391562000,0.0,184.0
11,Bin 12,2021-08-19 17:46:05,1629391565000,0.0,187.0
11,Bin 12,2021-08-19 17:46:08,1629391568000,0.0,190.0
11,Bin 12,2021-08-19 17:46:11,1629391571000,0.0,193.0
11,Bin 12,2021-08-19 17:46:13,1629391573000,0.0,195.0
11,Bin 12,2021-08-19 17:46:16,1629391576000,0.0,198.0
11,Bin 12,2021-08-19 17:46:19,1629391579000,0.0,201.0
11,Bin 12,2021-08-19 17:46:22,1629391582000,0.0,204.0
11,Bin 12,2021-08-19 17:46:25,1629391585000,0.0,207.0
11,Bin 12,2021-08-19 17:46:27,1629391587000,0.0,209.0
11,Bin 12,2021-08-19 17:46:30,1629391590000,0.0,212.0
11,Bin 12,2021-08-19 17:46:32,1629391592000,0.0,214.0
11,Bin 12,2021-08-19 17:46:35,1629391595000,0.0,217.0
11,Bin 12,2021-08-19 17:46:37,1629391597000,0.0,219.0
11,Bin 12,2021-08-19 17:46:40,1629391600000,0.0,222.0
11,Bin 12,2021-08-19 17:46:43,1629391603000,0.0,225.0
11,Bin 12,2021-08-19 17:46:45,1629391605000,0.0,227.0
11,Bin 12,2021-08-19 17:46:48,1629391608000,0.0,230.00000000000003
11,Bin 12,2021-08-19 17:46:51,1629391611000,0.0,233.00000000000003
11,Bin 12,2021-08-19 17:46:53,1629391613000,0.0,235.00000000000003
11,Bin 12,2021-08-19 17:46:56,1629391616000,0.0,238.00000000000003
11,Bin 12,2021-08-19 17:46:58,1629391618000,0.0,240.00000000000003
11,Bin 12,2021-08-19 17:47:00,1629391620000,0.0,242.00000000000003
11,Bin 12,2021-08-19 17:47:03,1629391623000,0.0,245.00000000000003
11,Bin 12,2021-08-19 17:47:05,1629391625000,0.0,247.00000000000003
11,Bin 12,2021-08-19 17:47:08,1629391628000,0.0,250.00000000000003
11,Bin 12,2021-08-19 17:47:11,1629391631000,0.0,253.00000000000003
11,Bin 12,2021-08-19 17:47:13,1629391633000,0.0,255.00000000000003
11,Bin 12,2021-08-19 17:47:17,1629391637000,0.0,259.0
11,Bin 12,2021-08-19 17:47:19,1629391639000,0.0,261.0
11,Bin 12,2021-08-19 17:47:22,1629391642000,0.0,264.0
11,Bin 12,2021-08-19 17:47:25,1629391645000,0.0,267.0
11,Bin 12,2021-08-19 17:47:28,1629391648000,0.0,270.0
11,Bin 12,2021-08-19 17:47:31,1629391651000,0.0,273.0
11,Bin 12,2021-08-19 17:47:34,1629391654000,0.0,276.0
11,Bin 12,2021-08-19 17:47:37,1629391657000,0.0,279.0
11,Bin 12,2021-08-19 17:47:40,1629391660000,0.0,282.0
11,Bin 12,2021-08-19 17:47:42,1629391662000,0.0,284.0
11,Bin 12,2021-08-19 17:47:45,1629391665000,0.0,287.0
11,Bin 12,2021-08-19 17:47:47,1629391667000,0.0,289.0
11,Bin 12,2021-08-19 17:47:50,1629391670000,0.0,292.0
11,Bin 12,2021-08-19 17:47:52,1629391672000,0.0,294.0
11,Bin 12,2021-08-19 17:47:55,1629391675000,0.0,297.0
11,Bin 12,2021-08-19 17:47:57,1629391677000,0.0,299.0
11,Bin 12,2021-08-19 17:48:00,1629391680000,0.0,302.0
11,Bin 12,2021-08-19 17:48:02,1629391682000,0.0,304.0
11,Bin 12,2021-08-19 17:48:05,1629391685000,0.0,307.0
11,Bin 12,2021-08-19 17:48:08,1629391688000,0.0,310.0
11,Bin 12,2021-08-19 17:48:11,1629391691000,0.0,313.0
11,Bin 12,2021-08-19 17:48:14,1629391694000,0.0,316.0
11,Bin 12,2021-08-19 17:48:16,1629391696000,0.0,318.0
11,Bin 12,2021-08-19 17:48:19,1629391699000,0.0,321.0
11,Bin 12,2021-08-19 17:48:21,1629391701000,0.0,323.0
11,Bin 12,2021-08-19 17:48:24,1629391704000,0.0,326.0
11,Bin 12,2021-08-19 17:48:27,1629391707000,0.0,329.0
11,Bin 12,2021-08-19 17:48:30,1629391710000,0.0,332.0
11,Bin 12,2021-08-19 17:48:32,1629391712000,0.0,334.0
11,Bin 12,2021-08-19 17:48:35,1629391715000,0.0,337.0
11,Bin 12,2021-08-19 17:48:37,1629391717000,0.0,339.0
11,Bin 12,2021-08-19 17:48:40,1629391720000,0.0,342.0
11,Bin 12,2021-08-19 17:48:43,1629391723000,0.0,345.0
11,Bin 12,2021-08-19 17:48:46,1629391726000,0.0,348.0
11,Bin 12,2021-08-19 17:48:49,1629391729000,0.0,351.0
11,Bin 12,2021-08-19 17:48:52,1629391732000,0.0,354.0
11,Bin 12,2021-08-19 17:48:55,1629391735000,0.0,357.0
11,Bin 12,2021-08-19 17:48:58,1629391738000,0.0,360.0
11,Bin 12,2021-08-19 17:49:00,1629391740000,0.0,362.0
11,Bin 12,2021-08-19 17:49:03,1629391743000,0.0,365.0
11,Bin 12,2021-08-19 17:49:06,1629391746000,0.0,368.0
11,Bin 12,2021-08-19 17:49:09,1629391749000,0.0,371.0
11,Bin 12,2021-08-19 17:49:11,1629391751000,0.0,373.0
11,Bin 12,2021-08-19 17:49:14,1629391754000,0.0,376.0
11,Bin 12,2021-08-19 17:49:16,1629391756000,0.0,378.0
11,Bin 12,2021-08-19 17:49:19,1629391759000,0.0,381.0
11,Bin 12,2021-08-19 17:49:21,1629391761000,0.0,383.0
11,Bin 12,2021-08-19 17:49:24,1629391764000,0.0,386.0
11,Bin 12,2021-08-19 17:49:27,1629391767000,0.0,389.0
11,Bin 12,2021-08-19 17:49:29,1629391769000,0.0,391.0
11,Bin 12,2021-08-19 17:49:31,1629391771000,0.0,393.0
11,Bin 12,2021-08-19 17:49:34,1629391774000,0.0,396.0
11,Bin 12,2021-08-19 17:49:37,1629391777000,0.0,399.0
11,Bin 12,2021-08-19 17:49:39,1629391779000,0.0,401.0
11,Bin 12,2021-08-19 17:49:42,1629391782000,0.0,404.0
11,Bin 12,2021-08-19 17:49:44,1629391784000,0.0,406.0
11,Bin 12,2021-08-19 17:49:47,1629391787000,0.0,409.0
11,Bin 12,2021-08-19 17:49:50,1629391790000,0.0,412.0
11,Bin 12,2021-08-19 17:49:52,1629391792000,0.0,414.0
11,Bin 12,2021-08-19 17:49:55,1629391795000,0.0,417.0
11,Bin 12,2021-08-19 17:49:57,1629391797000,0.0,419.0
11,Bin 12,2021-08-19 17:50:00,1629391800000,0.0,422.0
11,Bin 12,2021-08-19 17:50:02,1629391802000,0.0,424.0
11,Bin 12,2021-08-19 17:50:05,1629391805000,0.0,427.0
11,Bin 12,2021-08-19 17:50:07,1629391807000,0.0,429.0
11,Bin 12,2021-08-19 17:50:10,1629391810000,0.0,432.0
11,Bin 12,2021-08-19 17:50:13,1629391813000,0.0,435.0
11,Bin 12,2021-08-19 17:50:16,1629391816000,0.0,438.0
11,Bin 12,2021-08-19 17:50:18,1629391818000,0.0,440.0
11,Bin 12,2021-08-19 17:50:21,1629391821000,0.0,443.0
11,Bin 12,2021-08-19 17:50:23,1629391823000,0.0,445.0
11,Bin 12,2021-08-19 17:50:26,1629391826000,0.0,448.0
11,Bin 12,2021-08-19 17:50:28,1629391828000,0.0,450.0
11,Bin 12,2021-08-19 17:50:31,1629391831000,0.0,453.0
11,Bin 12,2021-08-19 17:50:34,1629391834000,0.0,456.0
11,Bin 12,2021-08-19 17:50:36,1629391836000,0.0,458.00000000000006
11,Bin 12,2021-08-19 17:50:39,1629391839000,0.0,461.00000000000006
11,Bin 12,2021-08-19 17:50:41,1629391841000,0.0,463.00000000000006
11,Bin 12,2021-08-19 17:50:44,1629391844000,0.0,466.00000000000006
11,Bin 12,2021-08-19 17:50:47,1629391847000,0.0,469.00000000000006
11,Bin 12,2021-08-19 17:50:49,1629391849000,0.0,471.00000000000006
11,Bin 12,2021-08-19 17:50:52,1629391852000,0.0,474.00000000000006
11,Bin 12,2021-08-19 17:50:55,1629391855000,0.0,477.00000000000006
11,Bin 12,2021-08-19 17:50:57,1629391857000,0.0,479.00000000000006
11,Bin 12,2021-08-19 17:50:59,1629391859000,0.0,481.00000000000006
11,Bin 12,2021-08-19 17:51:02,1629391862000,0.0,484.00000000000006
11,Bin 12,2021-08-19 17:51:05,1629391865000,0.0,487.00000000000006
11,Bin 12,2021-08-19 17:51:08,1629391868000,0.0,490.00000000000006
11,Bin 12,2021-08-19 17:51:11,1629391871000,0.0,493.00000000000006
11,Bin 12,2021-08-19 17:51:13,1629391873000,0.0,495.00000000000006
11,Bin 12,2021-08-19 17:51:16,1629391876000,0.0,498.00000000000006
11,Bin 12,2021-08-19 17:51:18,1629391878000,0.0,500.00000000000006
11,Bin 12,2021-08-19 17:51:21,1629391881000,0.0,503.00000000000006
11,Bin 12,2021-08-19 17:51:24,1629391884000,0.0,506.00000000000006
11,Bin 12,2021-08-19 17:51:26,1629391886000,0.0,508.00000000000006
11,Bin 12,2021-08-19 17:51:29,1629391889000,0.0,511.00000000000006
11,Bin 12,2021-08-19 17:51:32,1629391892000,0.0,514.0
11,Bin 12,2021-08-19 17:51:34,1629391894000,0.0,516.0
11,Bin 12,2021-08-19 17:51:37,1629391897000,0.0,519.0
11,Bin 12,2021-08-19 17:51:40,1629391900000,0.0,522.0
11,Bin 12,2021-08-19 17:51:42,1629391902000,0.0,524.0
11,Bin 12,2021-08-19 17:51:45,1629391905000,0.0,527.0
11,Bin 12,2021-08-19 17:51:47,1629391907000,0.0,529.0
11,Bin 12,2021-08-19 17:51:50,1629391910000,0.0,532.0
11,Bin 12,2021-08-19 17:51:52,1629391912000,0.0,534.0
11,Bin 12,2021-08-19 17:51:55,1629391915000,0.0,537.0
11,Bin 12,2021-08-19 17:51:58,1629391918000,0.0,540.0
11,Bin 12,2021-08-19 17:52:00,1629391920000,0.0,542.0
11,Bin 12,2021-08-19 17:52:03,1629391923000,0.0,545.0
11,Bin 12,2021-08-19 17:52:06,1629391926000,0.0,548.0
11,Bin 12,2021-08-19 17:52:08,1629391928000,0.0,550.0
11,Bin 12,2021-08-19 17:52:11,1629391931000,0.0,553.0
11,Bin 12,2021-08-19 17:52:13,1629391933000,0.0,555.0
11,Bin 12,2021-08-19 17:52:16,1629391936000,0.0,558.0
11,Bin 12,2021-08-19 17:52:19,1629391939000,0.0,561.0
11,Bin 12,2021-08-19 17:52:22,1629391942000,0.0,564.0
11,Bin 12,2021-08-19 17:52:24,1629391944000,0.0,566.0
11,Bin 12,2021-08-19 17:52:27,1629391947000,0.0,569.0
11,Bin 12,2021-08-19 17:52:29,1629391949000,0.0,571.0
11,Bin 12,2021-08-19 17:52:32,1629391952000,0.0,574.0
11,Bin 12,2021-08-19 17:52:34,1629391954000,0.0,576.0
11,Bin 12,2021-08-19 17:52:37,1629391957000,0.0,579.0
11,Bin 12,2021-08-19 17:52:39,1629391959000,0.0,581.0
11,Bin 12,2021-08-19 17:52:42,1629391962000,0.0,584.0
11,Bin 12,2021-08-19 17:52:45,1629391965000,0.0,587.0
11,Bin 12,2021-08-19 17:52:47,1629391967000,0.0,589.0
11,Bin 12,2021-08-19 17:52:50,1629391970000,0.0,592.0
11,Bin 12,2021-08-19 17:52:52,1629391972000,0.0,594.0
11,Bin 12,2021-08-19 17:52:55,1629391975000,0.0,597.0
11,Bin 12,2021-08-19 17:52:58,1629391978000,0.0,600.0
11,Bin 12,2021-08-19 17:53:00,1629391980000,0.0,602.0
11,Bin 12,2021-08-19 17:53:03,1629391983000,0.0,605.0
11,Bin 12,2021-08-19 17:53:05,1629391985000,0.0,607.0
11,Bin 12,2021-08-19 17:53:08,1629391988000,0.0,610.0
11,Bin 12,2021-08-19 17:53:10,1629391990000,0.0,612.0
11,Bin 12,2021-08-19 17:53:13,1629391993000,0.0,615.0
11,Bin 12,2021-08-19 17:53:15,1629391995000,0.0,617.0
11,Bin 12,2021-08-19 17:53:18,1629391998000,0.0,620.0
11,Bin 12,2021-08-19 17:53:20,1629392000000,0.0,622.0
11,Bin 12,2021-08-19 17:53:23,1629392003000,0.0,625.0
11,Bin 12,2021-08-19 17:53:27,1629392007000,0.0,629.0
11,Bin 12,2021-08-19 17:53:29,1629392009000,0.0,631.0
11,Bin 12,2021-08-19 17:53:32,1629392012000,0.0,634.0
11,Bin 12,2021-08-19 17:53:35,1629392015000,0.0,637.0
11,Bin 12,2021-08-19 17:53:37,1629392017000,0.0,639.0
11,Bin 12,2021-08-19 17:53:40,1629392020000,0.0,642.0
11,Bin 12,2021-08-19 17:53:42,1629392022000,0.0,644.0
11,Bin 12,2021-08-19 17:53:45,1629392025000,0.0,647.0
11,Bin 12,2021-08-19 17:53:47,1629392027000,0.0,649.0
11,Bin 12,2021-08-19 17:53:50,1629392030000,0.0,652.0
11,Bin 12,2021-08-19 17:53:52,1629392032000,0.0,654.0
11,Bin 12,2021-08-19 17:53:55,1629392035000,0.0,657.0
11,Bin 12,2021-08-19 17:53:57,1629392037000,0.0,659.0
11,Bin 12,2021-08-19 17:54:00,1629392040000,0.0,662.0
11,Bin 12,2021-08-19 17:54:02,1629392042000,0.0,664.0
11,Bin 12,2021-08-19 17:54:05,1629392045000,0.0,667.0
11,Bin 12,2021-08-19 17:54:07,1629392047000,0.0,669.0
11,Bin 12,2021-08-19 17:54:10,1629392050000,0.0,672.0
11,Bin 12,2021-08-19 17:54:13,1629392053000,0.0,675.0
11,Bin 12,2021-08-19 17:54:16,1629392056000,0.0,678.0
11,Bin 12,2021-08-19 17:54:18,1629392058000,0.0,680.0
11,Bin 12,2021-08-19 17:54:21,1629392061000,0.0,683.0
11,Bin 12,2021-08-19 17:54:23,1629392063000,0.0,685.0
11,Bin 12,2021-08-19 17:54:26,1629392066000,0.0,688.0
11,Bin 12,2021-08-19 17:54:28,1629392068000,0.0,690.0
11,Bin 12,2021-08-19 17:54:31,1629392071000,0.0,693.0
11,Bin 12,2021-08-19 17:54:33,1629392073000,0.0,695.0
11,Bin 12,2021-08-19 17:54:36,1629392076000,0.0,698.0
11,Bin 12,2021-08-19 17:54:38,1629392078000,0.0,700.0
11,Bin 12,2021-08-19 17:54:40,1629392080000,0.0,702.0
11,Bin 12,2021-08-19 17:54:43,1629392083000,0.0,705.0
11,Bin 12,2021-08-19 17:54:46,1629392086000,0.0,708.0
11,Bin 12,2021-08-19 17:54:48,1629392088000,0.0,710.0
11,Bin 12,2021-08-19 17:54:51,1629392091000,0.0,713.0
11,Bin 12,2021-08-19 17:54:54,1629392094000,0.0,716.0
11,Bin 12,2021-08-19 17:54:56,1629392096000,0.18993352353572845,718.0
11,Bin 12,2021-08-19 17:54:59,1629392099000,0.0,721.0
11,Bin 12,2021-08-19 17:55:01,1629392101000,0.0,723.0
11,Bin 12,2021-08-19 17:55:04,1629392104000,0.0,726.0
11,Bin 12,2021-08-19 17:55:06,1629392106000,0.0,728.0
11,Bin 12,2021-08-19 17:55:09,1629392109000,0.0,731.0
11,Bin 12,2021-08-19 17:55:11,1629392111000,0.0,733.0
11,Bin 12,2021-08-19 17:55:14,1629392114000,0.0,736.0
11,Bin 12,2021-08-19 17:55:16,1629392116000,0.0,738.0
11,Bin 12,2021-08-19 17:55:18,1629392118000,0.0,740.0
11,Bin 12,2021-08-19 17:55:21,1629392121000,0.0,743.0
11,Bin 12,2021-08-19 17:55:23,1629392123000,0.0,745.0
11,Bin 12,2021-08-19 17:55:26,1629392126000,0.0,748.0
11,Bin 12,2021-08-19 17:55:29,1629392129000,0.0,751.0
11,Bin 12,2021-08-19 17:55:32,1629392132000,0.0,754.0
11,Bin 12,2021-08-19 17:55:34,1629392134000,0.0,756.0
11,Bin 12,2021-08-19 17:55:37,1629392137000,0.0,759.0
11,Bin 12,2021-08-19 17:55:39,1629392139000,0.0,761.0
11,Bin 12,2021-08-19 17:55:42,1629392142000,0.0,764.0
11,Bin 12,2021-08-19 17:55:44,1629392144000,0.0,766.0
11,Bin 12,2021-08-19 17:55:47,1629392147000,0.0,769.0
11,Bin 12,2021-08-19 17:55:49,1629392149000,0.0,771.0
11,Bin 12,2021-08-19 17:55:52,1629392152000,0.0,774.0
11,Bin 12,2021-08-19 17:55:54,1629392154000,0.0,776.0
11,Bin 12,2021-08-19 17:55:57,1629392157000,0.0,779.0
11,Bin 12,2021-08-19 17:56:00,1629392160000,0.0,782.0
11,Bin 12,2021-08-19 17:56:03,1629392163000,0.0,785.0
11,Bin 12,2021-08-19 17:56:05,1629392165000,0.0,787.0
11,Bin 12,2021-08-19 17:56:08,1629392168000,0.1975425630807877,790.0
11,Bin 12,2021-08-19 17:56:10,1629392170000,0.0,792.0
11,Bin 12,2021-08-19 17:56:13,1629392173000,0.0,795.0
11,Bin 12,2021-08-19 17:56:16,1629392176000,0.0,798.0
11,Bin 12,2021-08-19 17:56:18,1629392178000,0.0,800.0
11,Bin 12,2021-08-19 17:56:21,1629392181000,0.0,803.0
11,Bin 12,2021-08-19 17:56:23,1629392183000,0.0,805.0
11,Bin 12,2021-08-19 17:56:26,1629392186000,0.0,808.0
11,Bin 12,2021-08-19 17:56:29,1629392189000,0.0,811.0
11,Bin 12,2021-08-19 17:56:31,1629392191000,0.0,813.0
11,Bin 12,2021-08-19 17:56:34,1629392194000,0.0,816.0
11,Bin 12,2021-08-19 17:56:37,1629392197000,0.0,819.0
11,Bin 12,2021-08-19 17:56:40,1629392200000,0.0,822.0
11,Bin 12,2021-08-19 17:56:43,1629392203000,0.0,825.0
11,Bin 12,2021-08-19 17:56:46,1629392206000,0.0,828.0
11,Bin 12,2021-08-19 17:56:48,1629392208000,0.0,830.0
11,Bin 12,2021-08-19 17:56:51,1629392211000,0.0,833.0
11,Bin 12,2021-08-19 17:56:53,1629392213000,0.0,835.0
11,Bin 12,2021-08-19 17:56:56,1629392216000,0.0,838.0
11,Bin 12,2021-08-19 17:56:59,1629392219000,0.0,841.0
11,Bin 12,2021-08-19 17:57:02,1629392222000,0.0,844.0
11,Bin 12,2021-08-19 17:57:05,1629392225000,0.0,847.0
11,Bin 12,2021-08-19 17:57:07,1629392227000,0.0,849.0
11,Bin 12,2021-08-19 17:57:10,1629392230000,0.0,852.0
11,Bin 12,2021-08-19 17:57:12,1629392232000,0.0,854.0
11,Bin 12,2021-08-19 17:57:15,1629392235000,0.0,857.0
11,Bin 12,2021-08-19 17:57:17,1629392237000,0.0,859.0
11,Bin 12,2021-08-19 17:57:20,1629392240000,0.0,862.0
11,Bin 12,2021-08-19 17:57:23,1629392243000,0.0,865.0
11,Bin 12,2021-08-19 17:57:26,1629392246000,0.0,868.0
11,Bin 12,2021-08-19 17:57:29,1629392249000,0.0,871.0
11,Bin 12,2021-08-19 17:57:32,1629392252000,0.0,874.0
11,Bin 12,2021-08-19 17:57:34,1629392254000,0.0,876.0
11,Bin 12,2021-08-19 17:57:37,1629392257000,0.0,879.0
11,Bin 12,2021-08-19 17:57:40,1629392260000,0.0,882.0
11,Bin 12,2021-08-19 17:57:42,1629392262000,0.0,884.0
11,Bin 12,2021-08-19 17:57:45,1629392265000,0.0,887.0
11,Bin 12,2021-08-19 17:57:47,1629392267000,0.0,889.0
11,Bin 12,2021-08-19 17:57:50,1629392270000,0.0,892.0
11,Bin 12,2021-08-19 17:57:53,1629392273000,0.0,895.0
11,Bin 12,2021-08-19 17:57:56,1629392276000,0.0,898.0
11,Bin 12,2021-08-19 17:57:59,1629392279000,0.0,901.0
11,Bin 12,2021-08-19 17:58:01,1629392281000,0.0,903.0
11,Bin 12,2021-08-19 17:58:05,1629392285000,0.0,907.0
11,Bin 12,2021-08-19 17:58:08,1629392288000,0.0,910.0
11,Bin 12,2021-08-19 17:58:11,1629392291000,0.0,913.0000000000001
11,Bin 12,2021-08-19 17:58:13,1629392293000,0.0,915.0000000000001
11,Bin 12,2021-08-19 17:58:16,1629392296000,0.0,918.0000000000001
11,Bin 12,2021-08-19 17:58:19,1629392299000,0.0,921.0000000000001
11,Bin 12,2021-08-19 17:58:21,1629392301000,0.0,923.0000000000001
11,Bin 12,2021-08-19 17:58:24,1629392304000,0.0,926.0000000000001
11,Bin 12,2021-08-19 17:58:26,1629392306000,0.0,928.0000000000001
11,Bin 12,2021-08-19 17:58:29,1629392309000,0.0,931.0000000000001
11,Bin 12,2021-08-19 17:58:31,1629392311000,0.0,933.0000000000001
11,Bin 12,2021-08-19 17:58:34,1629392314000,0.0,936.0000000000001
11,Bin 12,2021-08-19 17:58:37,1629392317000,0.0,939.0000000000001
11,Bin 12,2021-08-19 17:58:40,1629392320000,0.0,942.0000000000001
11,Bin 12,2021-08-19 17:58:42,1629392322000,0.0,944.0000000000001
11,Bin 12,2021-08-19 17:58:45,1629392325000,0.0,947.0000000000001
11,Bin 12,2021-08-19 17:58:48,1629392328000,0.0,950.0000000000001
11,Bin 12,2021-08-19 17:58:51,1629392331000,0.0,953.0000000000001
11,Bin 12,2021-08-19 17:58:54,1629392334000,0.0,956.0000000000001
11,Bin 12,2021-08-19 17:58:57,1629392337000,0.0,959.0000000000001
11,Bin 12,2021-08-19 17:58:59,1629392339000,0.0,961.0000000000001
11,Bin 12,2021-08-19 17:59:02,1629392342000,0.0,964.0000000000001
11,Bin 12,2021-08-19 17:59:05,1629392345000,0.0,967.0000000000001
11,Bin 12,2021-08-19 17:59:08,1629392348000,0.0,970.0000000000001
11,Bin 12,2021-08-19 17:59:10,1629392350000,0.0,972.0000000000001
11,Bin 12,2021-08-19 17:59:13,1629392353000,0.0,975.0000000000001
11,Bin 12,2021-08-19 17:59:16,1629392356000,0.0,978.0000000000001
11,Bin 12,2021-08-19 17:59:19,1629392359000,0.0,981.0000000000001
11,Bin 12,2021-08-19 17:59:21,1629392361000,0.0,983.0000000000001
11,Bin 12,2021-08-19 17:59:24,1629392364000,0.0,986.0000000000001
11,Bin 12,2021-08-19 17:59:26,1629392366000,0.0,988.0000000000001
11,Bin 12,2021-08-19 17:59:29,1629392369000,0.0,991.0000000000001
11,Bin 12,2021-08-19 17:59:31,1629392371000,0.0,993.0000000000001
11,Bin 12,2021-08-19 17:59:34,1629392374000,0.0,996.0000000000001
11,Bin 12,2021-08-19 17:59:36,1629392376000,0.0,998.0000000000001
11,Bin 12,2021-08-19 17:59:39,1629392379000,0.0,1001.0000000000001
11,Bin 12,2021-08-19 17:59:41,1629392381000,0.0,1003.0000000000001
11,Bin 12,2021-08-19 17:59:44,1629392384000,0.0,1006.0000000000001
11,Bin 12,2021-08-19 17:59:46,1629392386000,0.0,1008.0000000000001
11,Bin 12,2021-08-19 17:59:49,1629392389000,0.0,1011.0000000000001
11,Bin 12,2021-08-19 17:59:52,1629392392000,0.0,1014.0000000000001
11,Bin 12,2021-08-19 17:59:54,1629392394000,0.0,1016.0000000000001
11,Bin 12,2021-08-19 17:59:57,1629392397000,0.0,1019.0000000000001
11,Bin 12,2021-08-19 18:00:00,1629392400000,0.0,1022.0000000000001
11,Bin 12,2021-08-19 18:00:02,1629392402000,0.0,1024.0
11,Bin 12,2021-08-19 18:00:05,1629392405000,0.0,1027.0
11,Bin 12,2021-08-19 18:00:07,1629392407000,0.0,1029.0
11,Bin 12,2021-08-19 18:00:10,1629392410000,0.0,1032.0
11,Bin 12,2021-08-19 18:00:13,1629392413000,0.0,1035.0
11,Bin 12,2021-08-19 18:00:15,1629392415000,0.0,1037.0
11,Bin 12,2021-08-19 18:00:18,1629392418000,0.0,1040.0
11,Bin 12,2021-08-19 18:00:21,1629392421000,0.0,1043.0
11,Bin 12,2021-08-19 18:00:23,1629392423000,0.0,1045.0
11,Bin 12,2021-08-19 18:00:26,1629392426000,0.0,1048.0
11,Bin 12,2021-08-19 18:00:28,1629392428000,0.0,1050.0
11,Bin 12,2021-08-19 18:00:31,1629392431000,0.0,1053.0
11,Bin 12,2021-08-19 18:00:34,1629392434000,0.0,1056.0
11,Bin 12,2021-08-19 18:00:37,1629392437000,0.0,1059.0
11,Bin 12,2021-08-19 18:00:40,1629392440000,0.18023213744163516,1062.0
11,Bin 12,2021-08-19 18:00:42,1629392442000,0.0,1064.0
11,Bin 12,2021-08-19 18:00:45,1629392445000,0.0,1067.0
11,Bin 12,2021-08-19 18:00:47,1629392447000,0.0,1069.0
11,Bin 12,2021-08-19 18:00:50,1629392450000,0.0,1072.0
11,Bin 12,2021-08-19 18:00:52,1629392452000,0.0,1074.0
11,Bin 12,2021-08-19 18:00:54,1629392454000,0.0,1076.0
11,Bin 12,2021-08-19 18:00:57,1629392457000,0.0,1079.0
11,Bin 12,2021-08-19 18:01:00,1629392460000,0.0,1082.0
11,Bin 12,2021-08-19 18:01:02,1629392462000,0.0,1084.0
11,Bin 12,2021-08-19 18:01:05,1629392465000,0.0,1087.0
11,Bin 12,2021-08-19 18:01:07,1629392467000,0.0,1089.0
11,Bin 12,2021-08-19 18:01:10,1629392470000,0.0,1092.0
11,Bin 12,2021-08-19 18:01:13,1629392473000,0.15997441112995148,1095.0
11,Bin 12,2021-08-19 18:01:16,1629392476000,0.0,1098.0
11,Bin 12,2021-08-19 18:01:18,1629392478000,0.0,1100.0
11,Bin 12,2021-08-19 18:01:21,1629392481000,0.0,1103.0
11,Bin 12,2021-08-19 18:01:23,1629392483000,0.0,1105.0
11,Bin 12,2021-08-19 18:01:26,1629392486000,0.0,1108.0
11,Bin 12,2021-08-19 18:01:29,1629392489000,0.0,1111.0
11,Bin 12,2021-08-19 18:01:31,1629392491000,0.0,1113.0
11,Bin 12,2021-08-19 18:01:34,1629392494000,0.0,1116.0
11,Bin 12,2021-08-19 18:01:36,1629392496000,0.0,1118.0
11,Bin 12,2021-08-19 18:01:38,1629392498000,0.0,1120.0
11,Bin 12,2021-08-19 18:01:41,1629392501000,0.20812520384788516,1123.0
11,Bin 12,2021-08-19 18:01:43,1629392503000,0.0,1125.0
11,Bin 12,2021-08-19 18:01:46,1629392506000,0.0,1128.0
11,Bin 12,2021-08-19 18:01:48,1629392508000,0.0,1130.0
11,Bin 12,2021-08-19 18:01:51,1629392511000,0.0,1133.0
11,Bin 12,2021-08-19 18:01:53,1629392513000,0.0,1135.0
11,Bin 12,2021-08-19 18:01:56,1629392516000,0.0,1138.0
11,Bin 12,2021-08-19 18:01:58,1629392518000,0.0,1140.0
11,Bin 12,2021-08-19 18:02:01,1629392521000,0.1956526041030884,1143.0
11,Bin 12,2021-08-19 18:02:03,1629392523000,0.0,1145.0
11,Bin 12,2021-08-19 18:02:06,1629392526000,0.0,1148.0
11,Bin 12,2021-08-19 18:02:08,1629392528000,0.0,1150.0
11,Bin 12,2021-08-19 18:02:11,1629392531000,0.0,1153.0
11,Bin 12,2021-08-19 18:02:13,1629392533000,0.0,1155.0
11,Bin 12,2021-08-19 18:02:16,1629392536000,0.0,1158.0
11,Bin 12,2021-08-19 18:02:18,1629392538000,0.0,1160.0
11,Bin 12,2021-08-19 18:02:21,1629392541000,0.0,1163.0
11,Bin 12,2021-08-19 18:02:23,1629392543000,0.0,1165.0
11,Bin 12,2021-08-19 18:02:26,1629392546000,0.0,1168.0
11,Bin 12,2021-08-19 18:02:29,1629392549000,0.0,1171.0
11,Bin 12,2021-08-19 18:02:31,1629392551000,0.0,1173.0
11,Bin 12,2021-08-19 18:02:34,1629392554000,0.0,1176.0
11,Bin 12,2021-08-19 18:02:36,1629392556000,0.0,1178.0
11,Bin 12,2021-08-19 18:02:39,1629392559000,0.0,1181.0
11,Bin 12,2021-08-19 18:02:41,1629392561000,0.0,1183.0
11,Bin 12,2021-08-19 18:02:44,1629392564000,0.0,1186.0
11,Bin 12,2021-08-19 18:02:46,1629392566000,0.0,1188.0
11,Bin 12,2021-08-19 18:02:49,1629392569000,0.0,1191.0
11,Bin 12,2021-08-19 18:02:51,1629392571000,0.0,1193.0
11,Bin 12,2021-08-19 18:02:54,1629392574000,0.0,1196.0
11,Bin 12,2021-08-19 18:02:56,1629392576000,0.0,1198.0
11,Bin 12,2021-08-19 18:02:59,1629392579000,0.0,1201.0
11,Bin 12,2021-08-19 18:03:01,1629392581000,0.0,1203.0
11,Bin 12,2021-08-19 18:03:04,1629392584000,0.19902874529361725,1206.0
11,Bin 12,2021-08-19 18:03:06,1629392586000,0.0,1208.0
11,Bin 12,2021-08-19 18:03:08,1629392588000,0.0,1210.0
11,Bin 12,2021-08-19 18:03:11,1629392591000,0.0,1213.0
11,Bin 12,2021-08-19 18:03:13,1629392593000,0.20980635285377505,1215.0
11,Bin 12,2021-08-19 18:03:16,1629392596000,0.0,1218.0
11,Bin 12,2021-08-19 18:03:18,1629392598000,0.0,1220.0
11,Bin 12,2021-08-19 18:03:22,1629392602000,0.0,1224.0
11,Bin 12,2021-08-19 18:03:24,1629392604000,0.0,1226.0
11,Bin 12,2021-08-19 18:03:27,1629392607000,0.0,1229.0
11,Bin 12,2021-08-19 18:03:30,1629392610000,0.0,1232.0
11,Bin 12,2021-08-19 18:03:33,1629392613000,0.0,1235.0
11,Bin 12,2021-08-19 18:03:36,1629392616000,0.0,1238.0
11,Bin 12,2021-08-19 18:03:38,1629392618000,0.0,1240.0
11,Bin 12,2021-08-19 18:03:41,1629392621000,0.0,1243.0
11,Bin 12,2021-08-19 18:03:44,1629392624000,0.0,1246.0
11,Bin 12,2021-08-19 18:03:46,1629392626000,0.0,1248.0
11,Bin 12,2021-08-19 18:03:48,1629392628000,0.0,1250.0
11,Bin 12,2021-08-19 18:03:51,1629392631000,0.0,1253.0
11,Bin 12,2021-08-19 18:03:54,1629392634000,0.0,1256.0
11,Bin 12,2021-08-19 18:03:56,1629392636000,0.0,1258.0
11,Bin 12,2021-08-19 18:03:59,1629392639000,0.0,1261.0
11,Bin 12,2021-08-19 18:04:02,1629392642000,0.0,1264.0
11,Bin 12,2021-08-19 18:04:05,1629392645000,0.0,1267.0
11,Bin 12,2021-08-19 18:04:07,1629392647000,0.0,1269.0
11,Bin 12,2021-08-19 18:04:10,1629392650000,0.0,1272.0
11,Bin 12,2021-08-19 18:04:13,1629392653000,0.0,1275.0
11,Bin 12,2021-08-19 18:04:15,1629392655000,0.0,1277.0
11,Bin 12,2021-08-19 18:04:18,1629392658000,0.0,1280.0
11,Bin 12,2021-08-19 18:04:20,1629392660000,0.0,1282.0
11,Bin 12,2021-08-19 18:04:23,1629392663000,0.0,1285.0
11,Bin 12,2021-08-19 18:04:26,1629392666000,0.0,1288.0
11,Bin 12,2021-08-19 18:04:28,1629392668000,0.0,1290.0
11,Bin 12,2021-08-19 18:04:31,1629392671000,0.0,1293.0
11,Bin 12,2021-08-19 18:04:34,1629392674000,0.0,1296.0
11,Bin 12,2021-08-19 18:04:36,1629392676000,0.0,1298.0
11,Bin 12,2021-08-19 18:04:39,1629392679000,0.0,1301.0
11,Bin 12,2021-08-19 18:04:41,1629392681000,0.0,1303.0
11,Bin 12,2021-08-19 18:04:44,1629392684000,0.0,1306.0
11,Bin 12,2021-08-19 18:04:46,1629392686000,0.0,1308.0
11,Bin 12,2021-08-19 18:04:49,1629392689000,0.0,1311.0
11,Bin 12,2021-08-19 18:04:51,1629392691000,0.0,1313.0
11,Bin 12,2021-08-19 18:04:54,1629392694000,0.0,1316.0
11,Bin 12,2021-08-19 18:04:57,1629392697000,0.0,1319.0
11,Bin 12,2021-08-19 18:04:59,1629392699000,0.0,1321.0
11,Bin 12,2021-08-19 18:05:02,1629392702000,0.0,1324.0
11,Bin 12,2021-08-19 18:05:05,1629392705000,0.0,1327.0
11,Bin 12,2021-08-19 18:05:08,1629392708000,0.0,1330.0
11,Bin 12,2021-08-19 18:05:10,1629392710000,0.0,1332.0
11,Bin 12,2021-08-19 18:05:13,1629392713000,0.0,1335.0
11,Bin 12,2021-08-19 18:05:16,1629392716000,0.0,1338.0
11,Bin 12,2021-08-19 18:05:18,1629392718000,0.0,1340.0
11,Bin 12,2021-08-19 18:05:20,1629392720000,0.0,1342.0
11,Bin 12,2021-08-19 18:05:23,1629392723000,0.0,1345.0
11,Bin 12,2021-08-19 18:05:25,1629392725000,0.0,1347.0
11,Bin 12,2021-08-19 18:05:28,1629392728000,0.0,1350.0
11,Bin 12,2021-08-19 18:05:31,1629392731000,0.0,1353.0
11,Bin 12,2021-08-19 18:05:33,1629392733000,0.0,1355.0
11,Bin 12,2021-08-19 18:05:36,1629392736000,0.0,1358.0
11,Bin 12,2021-08-19 18:05:38,1629392738000,0.0,1360.0
11,Bin 12,2021-08-19 18:05:41,1629392741000,0.0,1363.0
11,Bin 12,2021-08-19 18:05:44,1629392744000,0.0,1366.0
11,Bin 12,2021-08-19 18:05:46,1629392746000,0.0,1368.0
11,Bin 12,2021-08-19 18:05:49,1629392749000,0.0,1371.0
11,Bin 12,2021-08-19 18:05:52,1629392752000,0.0,1374.0
11,Bin 12,2021-08-19 18:05:55,1629392755000,0.0,1377.0
11,Bin 12,2021-08-19 18:05:57,1629392757000,0.19857817888259888,1379.0
11,Bin 12,2021-08-19 18:05:59,1629392759000,0.0,1381.0
11,Bin 12,2021-08-19 18:06:02,1629392762000,0.0,1384.0
11,Bin 12,2021-08-19 18:06:05,1629392765000,0.0,1387.0
11,Bin 12,2021-08-19 18:06:08,1629392768000,0.0,1390.0
11,Bin 12,2021-08-19 18:06:10,1629392770000,0.0,1392.0
11,Bin 12,2021-08-19 18:06:13,1629392773000,0.0,1395.0
11,Bin 12,2021-08-19 18:06:15,1629392775000,0.0,1397.0
11,Bin 12,2021-08-19 18:06:18,1629392778000,0.0,1400.0
11,Bin 12,2021-08-19 18:06:20,1629392780000,0.0,1402.0
11,Bin 12,2021-08-19 18:06:23,1629392783000,0.0,1405.0
11,Bin 12,2021-08-19 18:06:25,1629392785000,0.0,1407.0
11,Bin 12,2021-08-19 18:06:28,1629392788000,0.0,1410.0
11,Bin 12,2021-08-19 18:06:30,1629392790000,0.0,1412.0
11,Bin 12,2021-08-19 18:06:33,1629392793000,0.0,1415.0
11,Bin 12,2021-08-19 18:06:35,1629392795000,0.0,1417.0
11,Bin 12,2021-08-19 18:06:38,1629392798000,0.0,1420.0
11,Bin 12,2021-08-19 18:06:40,1629392800000,0.0,1422.0
11,Bin 12,2021-08-19 18:06:43,1629392803000,0.0,1425.0
11,Bin 12,2021-08-19 18:06:45,1629392805000,0.0,1427.0
11,Bin 12,2021-08-19 18:06:48,1629392808000,0.0,1430.0
11,Bin 12,2021-08-19 18:06:50,1629392810000,0.0,1432.0
11,Bin 12,2021-08-19 18:06:53,1629392813000,0.0,1435.0
11,Bin 12,2021-08-19 18:06:55,1629392815000,0.0,1437.0
11,Bin 12,2021-08-19 18:06:58,1629392818000,0.0,1440.0
11,Bin 12,2021-08-19 18:07:00,1629392820000,0.0,1442.0
11,Bin 12,2021-08-19 18:07:03,1629392823000,0.0,1445.0
11,Bin 12,2021-08-19 18:07:05,1629392825000,0.0,1447.0
11,Bin 12,2021-08-19 18:07:08,1629392828000,0.0,1450.0
11,Bin 12,2021-08-19 18:07:10,1629392830000,0.0,1452.0
11,Bin 12,2021-08-19 18:07:13,1629392833000,0.0,1455.0
11,Bin 12,2021-08-19 18:07:15,1629392835000,0.0,1457.0
11,Bin 12,2021-08-19 18:07:18,1629392838000,0.0,1460.0
11,Bin 12,2021-08-19 18:07:21,1629392841000,0.0,1463.0
11,Bin 12,2021-08-19 18:07:24,1629392844000,0.1725863814353943,1466.0
11,Bin 12,2021-08-19 18:07:27,1629392847000,0.0,1469.0
11,Bin 12,2021-08-19 18:07:29,1629392849000,0.0,1471.0
11,Bin 12,2021-08-19 18:07:31,1629392851000,0.0,1473.0
11,Bin 12,2021-08-19 18:07:34,1629392854000,0.0,1476.0
11,Bin 12,2021-08-19 18:07:37,1629392857000,0.0,1479.0
11,Bin 12,2021-08-19 18:07:40,1629392860000,0.0,1482.0
11,Bin 12,2021-08-19 18:07:43,1629392863000,0.0,1485.0
11,Bin 12,2021-08-19 18:07:45,1629392865000,0.0,1487.0
11,Bin 12,2021-08-19 18:07:48,1629392868000,0.0,1490.0
11,Bin 12,2021-08-19 18:07:50,1629392870000,0.0,1492.0
11,Bin 12,2021-08-19 18:07:53,1629392873000,0.0,1495.0
11,Bin 12,2021-08-19 18:07:55,1629392875000,0.0,1497.0
11,Bin 12,2021-08-19 18:07:58,1629392878000,0.0,1500.0
11,Bin 12,2021-08-19 18:08:01,1629392881000,0.0,1503.0
11,Bin 12,2021-08-19 18:08:03,1629392883000,0.0,1505.0
11,Bin 12,2021-08-19 18:08:06,1629392886000,0.0,1508.0
11,Bin 12,2021-08-19 18:08:08,1629392888000,0.0,1510.0
11,Bin 12,2021-08-19 18:08:11,1629392891000,0.0,1513.0
11,Bin 12,2021-08-19 18:08:14,1629392894000,0.0,1516.0
11,Bin 12,2021-08-19 18:08:16,1629392896000,0.0,1518.0
11,Bin 12,2021-08-19 18:08:19,1629392899000,0.0,1521.0
11,Bin 12,2021-08-19 18:08:21,1629392901000,0.0,1523.0
11,Bin 12,2021-08-19 18:08:24,1629392904000,0.0,1526.0
11,Bin 12,2021-08-19 18:08:26,1629392906000,0.0,1528.0
11,Bin 12,2021-08-19 18:08:29,1629392909000,0.0,1531.0
11,Bin 12,2021-08-19 18:08:32,1629392912000,0.0,1534.0
11,Bin 12,2021-08-19 18:08:34,1629392914000,0.0,1536.0
11,Bin 12,2021-08-19 18:08:37,1629392917000,0.0,1539.0
11,Bin 12,2021-08-19 18:08:39,1629392919000,0.0,1541.0
11,Bin 12,2021-08-19 18:08:42,1629392922000,0.0,1544.0
11,Bin 12,2021-08-19 18:08:44,1629392924000,0.0,1546.0
11,Bin 12,2021-08-19 18:08:47,1629392927000,0.0,1549.0
11,Bin 12,2021-08-19 18:08:49,1629392929000,0.0,1551.0
11,Bin 12,2021-08-19 18:08:52,1629392932000,0.0,1554.0
11,Bin 12,2021-08-19 18:08:54,1629392934000,0.0,1556.0
11,Bin 12,2021-08-19 18:08:57,1629392937000,0.0,1559.0
11,Bin 12,2021-08-19 18:08:59,1629392939000,0.0,1561.0
11,Bin 12,2021-08-19 18:09:02,1629392942000,0.0,1564.0
11,Bin 12,2021-08-19 18:09:05,1629392945000,0.0,1567.0
11,Bin 12,2021-08-19 18:09:07,1629392947000,0.0,1569.0
11,Bin 12,2021-08-19 18:09:10,1629392950000,0.0,1572.0
11,Bin 12,2021-08-19 18:09:12,1629392952000,0.0,1574.0
11,Bin 12,2021-08-19 18:09:15,1629392955000,0.0,1577.0
11,Bin 12,2021-08-19 18:09:17,1629392957000,0.0,1579.0
11,Bin 12,2021-08-19 18:09:19,1629392959000,0.0,1581.0
11,Bin 12,2021-08-19 18:09:22,1629392962000,0.0,1584.0
11,Bin 12,2021-08-19 18:09:25,1629392965000,0.0,1587.0
11,Bin 12,2021-08-19 18:09:28,1629392968000,0.0,1590.0
11,Bin 12,2021-08-19 18:09:30,1629392970000,0.0,1592.0
11,Bin 12,2021-08-19 18:09:33,1629392973000,0.0,1595.0
11,Bin 12,2021-08-19 18:09:35,1629392975000,0.0,1597.0
11,Bin 12,2021-08-19 18:09:38,1629392978000,0.0,1600.0
11,Bin 12,2021-08-19 18:09:40,1629392980000,0.0,1602.0
11,Bin 12,2021-08-19 18:09:43,1629392983000,0.0,1605.0
11,Bin 12,2021-08-19 18:09:45,1629392985000,0.0,1607.0
11,Bin 12,2021-08-19 18:09:48,1629392988000,0.0,1610.0
11,Bin 12,2021-08-19 18:09:50,1629392990000,0.0,1612.0
11,Bin 12,2021-08-19 18:09:53,1629392993000,0.0,1615.0
11,Bin 12,2021-08-19 18:09:56,1629392996000,0.0,1618.0
11,Bin 12,2021-08-19 18:09:58,1629392998000,0.0,1620.0
11,Bin 12,2021-08-19 18:10:01,1629393001000,0.0,1623.0
11,Bin 12,2021-08-19 18:10:04,1629393004000,0.0,1626.0
11,Bin 12,2021-08-19 18:10:07,1629393007000,0.0,1629.0
11,Bin 12,2021-08-19 18:10:09,1629393009000,0.0,1631.0
11,Bin 12,2021-08-19 18:10:12,1629393012000,0.0,1634.0
11,Bin 12,2021-08-19 18:10:14,1629393014000,0.0,1636.0
11,Bin 12,2021-08-19 18:10:17,1629393017000,0.0,1639.0
11,Bin 12,2021-08-19 18:10:19,1629393019000,0.0,1641.0
11,Bin 12,2021-08-19 18:10:22,1629393022000,0.0,1644.0
11,Bin 12,2021-08-19 18:10:25,1629393025000,0.0,1647.0
11,Bin 12,2021-08-19 18:10:28,1629393028000,0.0,1650.0
11,Bin 12,2021-08-19 18:10:30,1629393030000,0.0,1652.0
11,Bin 12,2021-08-19 18:10:33,1629393033000,0.0,1655.0
11,Bin 12,2021-08-19 18:10:35,1629393035000,0.0,1657.0
11,Bin 12,2021-08-19 18:10:38,1629393038000,0.0,1660.0
11,Bin 12,2021-08-19 18:10:40,1629393040000,0.0,1662.0
11,Bin 12,2021-08-19 18:10:43,1629393043000,0.0,1665.0
11,Bin 12,2021-08-19 18:10:45,1629393045000,0.0,1667.0
11,Bin 12,2021-08-19 18:10:48,1629393048000,0.0,1670.0
11,Bin 12,2021-08-19 18:10:50,1629393050000,0.0,1672.0
11,Bin 12,2021-08-19 18:10:53,1629393053000,0.0,1675.0
11,Bin 12,2021-08-19 18:10:56,1629393056000,0.0,1678.0
11,Bin 12,2021-08-19 18:10:59,1629393059000,0.0,1681.0
11,Bin 12,2021-08-19 18:11:01,1629393061000,0.0,1683.0
11,Bin 12,2021-08-19 18:11:05,1629393065000,0.0,1687.0
11,Bin 12,2021-08-19 18:11:07,1629393067000,0.18649062514305115,1689.0
11,Bin 12,2021-08-19 18:11:10,1629393070000,0.1614517718553543,1692.0
11,Bin 12,2021-08-19 18:11:13,1629393073000,0.0,1695.0
11,Bin 12,2021-08-19 18:11:15,1629393075000,0.0,1697.0
11,Bin 12,2021-08-19 18:11:18,1629393078000,0.0,1700.0
11,Bin 12,2021-08-19 18:11:21,1629393081000,0.0,1703.0
11,Bin 12,2021-08-19 18:11:23,1629393083000,0.0,1705.0
11,Bin 12,2021-08-19 18:11:25,1629393085000,0.0,1707.0
11,Bin 12,2021-08-19 18:11:28,1629393088000,0.0,1710.0
11,Bin 12,2021-08-19 18:11:31,1629393091000,0.0,1713.0
11,Bin 12,2021-08-19 18:11:33,1629393093000,0.0,1715.0
11,Bin 12,2021-08-19 18:11:36,1629393096000,0.0,1718.0
11,Bin 12,2021-08-19 18:11:39,1629393099000,0.0,1721.0
11,Bin 12,2021-08-19 18:11:41,1629393101000,0.0,1723.0
11,Bin 12,2021-08-19 18:11:44,1629393104000,0.0,1726.0
11,Bin 12,2021-08-19 18:11:46,1629393106000,0.0,1728.0
11,Bin 12,2021-08-19 18:11:49,1629393109000,0.0,1731.0
11,Bin 12,2021-08-19 18:11:51,1629393111000,0.0,1733.0
11,Bin 12,2021-08-19 18:11:54,1629393114000,0.0,1736.0
11,Bin 12,2021-08-19 18:11:56,1629393116000,0.0,1738.0
11,Bin 12,2021-08-19 18:11:59,1629393119000,0.0,1741.0
11,Bin 12,2021-08-19 18:12:02,1629393122000,0.0,1744.0
11,Bin 12,2021-08-19 18:12:05,1629393125000,0.0,1747.0
11,Bin 12,2021-08-19 18:12:07,1629393127000,0.0,1749.0
11,Bin 12,2021-08-19 18:12:10,1629393130000,0.0,1752.0
11,Bin 12,2021-08-19 18:12:12,1629393132000,0.0,1754.0
11,Bin 12,2021-08-19 18:12:15,1629393135000,0.0,1757.0
11,Bin 12,2021-08-19 18:12:18,1629393138000,0.0,1760.0
11,Bin 12,2021-08-19 18:12:21,1629393141000,0.0,1763.0
11,Bin 12,2021-08-19 18:12:23,1629393143000,0.0,1765.0
11,Bin 12,2021-08-19 18:12:26,1629393146000,0.0,1768.0
11,Bin 12,2021-08-19 18:12:28,1629393148000,0.0,1770.0
11,Bin 12,2021-08-19 18:12:31,1629393151000,0.0,1773.0
11,Bin 12,2021-08-19 18:12:34,1629393154000,0.0,1776.0
11,Bin 12,2021-08-19 18:12:36,1629393156000,0.0,1778.0
11,Bin 12,2021-08-19 18:12:39,1629393159000,0.0,1781.0
11,Bin 12,2021-08-19 18:12:42,1629393162000,0.0,1784.0
11,Bin 12,2021-08-19 18:12:44,1629393164000,0.0,1786.0
11,Bin 12,2021-08-19 18:12:47,1629393167000,0.0,1789.0
11,Bin 12,2021-08-19 18:12:49,1629393169000,0.0,1791.0
11,Bin 12,2021-08-19 18:12:52,1629393172000,0.0,1794.0
11,Bin 12,2021-08-19 18:12:54,1629393174000,0.0,1796.0
11,Bin 12,2021-08-19 18:12:57,1629393177000,0.0,1799.0
11,Bin 12,2021-08-19 18:12:59,1629393179000,0.0,1801.0
11,Bin 12,2021-08-19 18:13:02,1629393182000,0.0,1804.0
11,Bin 12,2021-08-19 18:13:05,1629393185000,0.0,1807.0
11,Bin 12,2021-08-19 18:13:08,1629393188000,0.0,1810.0
11,Bin 12,2021-08-19 18:13:10,1629393190000,0.0,1812.0
11,Bin 12,2021-08-19 18:13:13,1629393193000,0.0,1815.0
11,Bin 12,2021-08-19 18:13:15,1629393195000,0.0,1817.0
11,Bin 12,2021-08-19 18:13:18,1629393198000,0.0,1820.0
11,Bin 12,2021-08-19 18:13:20,1629393200000,0.0,1822.0
11,Bin 12,2021-08-19 18:13:23,1629393203000,0.0,1825.0
11,Bin 12,2021-08-19 18:13:26,1629393206000,0.0,1828.0000000000002
11,Bin 12,2021-08-19 18:13:28,1629393208000,0.0,1830.0000000000002
11,Bin 12,2021-08-19 18:13:31,1629393211000,0.0,1833.0000000000002
11,Bin 12,2021-08-19 18:13:33,1629393213000,0.0,1835.0000000000002
11,Bin 12,2021-08-19 18:13:36,1629393216000,0.0,1838.0000000000002
11,Bin 12,2021-08-19 18:13:38,1629393218000,0.0,1840.0000000000002
11,Bin 12,2021-08-19 18:13:41,1629393221000,0.0,1843.0000000000002
11,Bin 12,2021-08-19 18:13:43,1629393223000,0.0,1845.0000000000002
11,Bin 12,2021-08-19 18:13:46,1629393226000,0.0,1848.0000000000002
11,Bin 12,2021-08-19 18:13:49,1629393229000,0.0,1851.0000000000002
11,Bin 12,2021-08-19 18:13:52,1629393232000,0.0,1854.0000000000002
11,Bin 12,2021-08-19 18:13:54,1629393234000,0.0,1856.0000000000002
11,Bin 12,2021-08-19 18:13:57,1629393237000,0.0,1859.0000000000002
11,Bin 12,2021-08-19 18:13:59,1629393239000,0.0,1861.0000000000002
11,Bin 12,2021-08-19 18:14:02,1629393242000,0.0,1864.0000000000002
11,Bin 12,2021-08-19 18:14:05,1629393245000,0.0,1867.0000000000002
11,Bin 12,2021-08-19 18:14:07,1629393247000,0.0,1869.0000000000002
11,Bin 12,2021-08-19 18:14:10,1629393250000,0.0,1872.0000000000002
11,Bin 12,2021-08-19 18:14:13,1629393253000,0.0,1875.0000000000002
11,Bin 12,2021-08-19 18:14:16,1629393256000,0.0,1878.0000000000002
11,Bin 12,2021-08-19 18:14:18,1629393258000,0.0,1880.0000000000002
11,Bin 12,2021-08-19 18:14:21,1629393261000,0.0,1883.0000000000002
11,Bin 12,2021-08-19 18:14:24,1629393264000,0.0,1886.0000000000002
11,Bin 12,2021-08-19 18:14:26,1629393266000,0.0,1888.0000000000002
11,Bin 12,2021-08-19 18:14:29,1629393269000,0.0,1891.0000000000002
11,Bin 12,2021-08-19 18:14:32,1629393272000,0.0,1894.0000000000002
11,Bin 12,2021-08-19 18:14:35,1629393275000,0.0,1897.0000000000002
11,Bin 12,2021-08-19 18:14:37,1629393277000,0.0,1899.0000000000002
11,Bin 12,2021-08-19 18:14:40,1629393280000,0.0,1902.0000000000002
11,Bin 12,2021-08-19 18:14:43,1629393283000,0.0,1905.0000000000002
11,Bin 12,2021-08-19 18:14:46,1629393286000,0.0,1908.0000000000002
11,Bin 12,2021-08-19 18:14:48,1629393288000,0.0,1910.0000000000002
11,Bin 12,2021-08-19 18:14:51,1629393291000,0.0,1913.0000000000002
11,Bin 12,2021-08-19 18:14:54,1629393294000,0.0,1916.0000000000002
11,Bin 12,2021-08-19 18:14:57,1629393297000,0.0,1919.0000000000002
11,Bin 12,2021-08-19 18:15:00,1629393300000,0.0,1922.0000000000002
11,Bin 12,2021-08-19 18:15:02,1629393302000,0.0,1924.0000000000002
11,Bin 12,2021-08-19 18:15:05,1629393305000,0.0,1927.0000000000002
11,Bin 12,2021-08-19 18:15:08,1629393308000,0.0,1930.0000000000002
11,Bin 12,2021-08-19 18:15:10,1629393310000,0.0,1932.0000000000002
11,Bin 12,2021-08-19 18:15:13,1629393313000,0.0,1935.0000000000002
11,Bin 12,2021-08-19 18:15:15,1629393315000,0.0,1937.0000000000002
11,Bin 12,2021-08-19 18:15:18,1629393318000,0.0,1940.0000000000002
11,Bin 12,2021-08-19 18:15:20,1629393320000,0.0,1942.0000000000002
11,Bin 12,2021-08-19 18:15:23,1629393323000,0.0,1945.0000000000002
11,Bin 12,2021-08-19 18:15:25,1629393325000,0.0,1947.0000000000002
11,Bin 12,2021-08-19 18:15:28,1629393328000,0.0,1950.0000000000002
11,Bin 12,2021-08-19 18:15:31,1629393331000,0.0,1953.0000000000002
11,Bin 12,2021-08-19 18:15:33,1629393333000,0.0,1955.0000000000002
11,Bin 12,2021-08-19 18:15:36,1629393336000,0.0,1958.0000000000002
11,Bin 12,2021-08-19 18:15:39,1629393339000,0.0,1961.0000000000002
11,Bin 12,2021-08-19 18:15:41,1629393341000,0.0,1963.0000000000002
11,Bin 12,2021-08-19 18:15:44,1629393344000,0.0,1966.0000000000002
11,Bin 12,2021-08-19 18:15:47,1629393347000,0.0,1969.0000000000002
11,Bin 12,2021-08-19 18:15:50,1629393350000,0.0,1972.0000000000002
11,Bin 12,2021-08-19 18:15:52,1629393352000,0.0,1974.0000000000002
11,Bin 12,2021-08-19 18:15:55,1629393355000,0.0,1977.0000000000002
11,Bin 12,2021-08-19 18:15:58,1629393358000,0.0,1980.0000000000002
11,Bin 12,2021-08-19 18:16:00,1629393360000,0.0,1982.0000000000002
11,Bin 12,2021-08-19 18:16:03,1629393363000,0.0,1985.0000000000002
11,Bin 12,2021-08-19 18:16:05,1629393365000,0.0,1987.0000000000002
11,Bin 12,2021-08-19 18:16:08,1629393368000,0.0,1990.0000000000002
11,Bin 12,2021-08-19 18:16:10,1629393370000,0.0,1992.0000000000002
11,Bin 12,2021-08-19 18:16:13,1629393373000,0.0,1995.0000000000002
11,Bin 12,2021-08-19 18:16:16,1629393376000,0.0,1998.0000000000002
11,Bin 12,2021-08-19 18:16:19,1629393379000,0.0,2001.0000000000002
11,Bin 12,2021-08-19 18:16:21,1629393381000,0.0,2003.0000000000002
11,Bin 12,2021-08-19 18:16:24,1629393384000,0.0,2006.0000000000002
11,Bin 12,2021-08-19 18:16:26,1629393386000,0.0,2008.0000000000002
11,Bin 12,2021-08-19 18:16:29,1629393389000,0.0,2011.0000000000002
11,Bin 12,2021-08-19 18:16:31,1629393391000,0.0,2013.0000000000002
11,Bin 12,2021-08-19 18:16:34,1629393394000,0.0,2016.0000000000002
11,Bin 12,2021-08-19 18:16:37,1629393397000,0.0,2019.0000000000002
11,Bin 12,2021-08-19 18:16:39,1629393399000,0.0,2021.0000000000002
11,Bin 12,2021-08-19 18:16:42,1629393402000,0.0,2024.0000000000002
11,Bin 12,2021-08-19 18:16:44,1629393404000,0.0,2026.0000000000002
11,Bin 12,2021-08-19 18:16:47,1629393407000,0.0,2029.0000000000002
11,Bin 12,2021-08-19 18:16:49,1629393409000,0.0,2031.0000000000002
11,Bin 12,2021-08-19 18:16:52,1629393412000,0.0,2034.0000000000002
11,Bin 12,2021-08-19 18:16:55,1629393415000,0.0,2037.0000000000002
11,Bin 12,2021-08-19 18:16:58,1629393418000,0.0,2040.0000000000002
11,Bin 12,2021-08-19 18:17:00,1629393420000,0.0,2042.0000000000002
11,Bin 12,2021-08-19 18:17:03,1629393423000,0.0,2045.0000000000002
11,Bin 12,2021-08-19 18:17:05,1629393425000,0.0,2047.0000000000002
11,Bin 12,2021-08-19 18:17:08,1629393428000,0.0,2050.0
11,Bin 12,2021-08-19 18:17:11,1629393431000,0.0,2053.0
11,Bin 12,2021-08-19 18:17:14,1629393434000,0.0,2056.0
11,Bin 12,2021-08-19 18:17:16,1629393436000,0.0,2058.0
11,Bin 12,2021-08-19 18:17:19,1629393439000,0.0,2061.0
11,Bin 12,2021-08-19 18:17:23,1629393443000,0.0,2065.0
11,Bin 12,2021-08-19 18:17:26,1629393446000,0.0,2068.0
11,Bin 12,2021-08-19 18:17:29,1629393449000,0.0,2071.0
11,Bin 12,2021-08-19 18:17:31,1629393451000,0.0,2073.0
11,Bin 12,2021-08-19 18:17:34,1629393454000,0.0,2076.0
11,Bin 12,2021-08-19 18:17:37,1629393457000,0.0,2079.0
11,Bin 12,2021-08-19 18:17:39,1629393459000,0.0,2081.0
11,Bin 12,2021-08-19 18:17:42,1629393462000,0.0,2084.0
11,Bin 12,2021-08-19 18:17:44,1629393464000,0.0,2086.0
11,Bin 12,2021-08-19 18:17:47,1629393467000,0.0,2089.0
11,Bin 12,2021-08-19 18:17:49,1629393469000,0.0,2091.0
11,Bin 12,2021-08-19 18:17:52,1629393472000,0.0,2094.0
11,Bin 12,2021-08-19 18:17:54,1629393474000,0.1911095827817917,2096.0
11,Bin 12,2021-08-19 18:17:57,1629393477000,0.0,2099.0
11,Bin 12,2021-08-19 18:17:59,1629393479000,0.0,2101.0
11,Bin 12,2021-08-19 18:18:01,1629393481000,0.0,2103.0
11,Bin 12,2021-08-19 18:18:05,1629393485000,0.0,2107.0
11,Bin 12,2021-08-19 18:18:07,1629393487000,0.0,2109.0
11,Bin 12,2021-08-19 18:18:10,1629393490000,0.0,2112.0
11,Bin 12,2021-08-19 18:18:12,1629393492000,0.18514403700828552,2114.0
11,Bin 12,2021-08-19 18:18:15,1629393495000,0.0,2117.0
11,Bin 12,2021-08-19 18:18:18,1629393498000,0.0,2120.0
11,Bin 12,2021-08-19 18:18:20,1629393500000,0.0,2122.0
11,Bin 12,2021-08-19 18:18:23,1629393503000,0.0,2125.0
11,Bin 12,2021-08-19 18:18:25,1629393505000,0.0,2127.0
11,Bin 12,2021-08-19 18:18:28,1629393508000,0.0,2130.0
11,Bin 12,2021-08-19 18:18:30,1629393510000,0.0,2132.0
11,Bin 12,2021-08-19 18:18:33,1629393513000,0.0,2135.0
11,Bin 12,2021-08-19 18:18:35,1629393515000,0.0,2137.0
11,Bin 12,2021-08-19 18:18:38,1629393518000,0.0,2140.0
11,Bin 12,2021-08-19 18:18:40,1629393520000,0.0,2142.0
11,Bin 12,2021-08-19 18:18:43,1629393523000,0.0,2145.0
11,Bin 12,2021-08-19 18:18:45,1629393525000,0.0,2147.0
11,Bin 12,2021-08-19 18:18:48,1629393528000,0.0,2150.0
11,Bin 12,2021-08-19 18:18:51,1629393531000,0.0,2153.0
