nodeid,sensorname,timestamp,timestampint,reading,time_s
8,Bin 20,2021-08-19 17:17:30,1629389850000,0.0,0.0
8,Bin 20,2021-08-19 17:17:33,1629389853000,0.0,3.0
8,Bin 20,2021-08-19 17:17:35,1629389855000,0.0,5.0
8,Bin 20,2021-08-19 17:17:38,1629389858000,0.0,8.0
8,Bin 20,2021-08-19 17:17:41,1629389861000,0.0,11.0
8,Bin 20,2021-08-19 17:17:44,1629389864000,0.0,14.0
8,Bin 20,2021-08-19 17:17:46,1629389866000,0.0,16.0
8,Bin 20,2021-08-19 17:17:49,1629389869000,0.0,19.0
8,Bin 20,2021-08-19 17:17:52,1629389872000,0.0,22.0
8,Bin 20,2021-08-19 17:17:54,1629389874000,0.0,24.0
8,Bin 20,2021-08-19 17:17:58,1629389878000,0.0,28.0
8,Bin 20,2021-08-19 17:18:00,1629389880000,0.0,30.000000000000004
8,Bin 20,2021-08-19 17:18:03,1629389883000,0.0,33.0
8,Bin 20,2021-08-19 17:18:07,1629389887000,0.0,37.0
8,Bin 20,2021-08-19 17:18:09,1629389889000,0.0,39.0
8,Bin 20,2021-08-19 17:18:13,1629389893000,0.0,43.0
8,Bin 20,2021-08-19 17:18:15,1629389895000,0.0,45.0
8,Bin 20,2021-08-19 17:18:18,1629389898000,0.0,48.0
8,Bin 20,2021-08-19 17:18:21,1629389901000,0.0,51.0
8,Bin 20,2021-08-19 17:18:23,1629389903000,0.0,53.0
8,Bin 20,2021-08-19 17:18:26,1629389906000,0.0,56.0
8,Bin 20,2021-08-19 17:18:29,1629389909000,0.0,59.00000000000001
8,Bin 20,2021-08-19 17:18:32,1629389912000,0.0,62.00000000000001
8,Bin 20,2021-08-19 17:18:35,1629389915000,0.0,65.0
8,Bin 20,2021-08-19 17:18:38,1629389918000,0.0,68.0
8,Bin 20,2021-08-19 17:18:41,1629389921000,0.0,71.0
8,Bin 20,2021-08-19 17:18:44,1629389924000,0.0,74.0
8,Bin 20,2021-08-19 17:18:46,1629389926000,0.0,76.0
8,Bin 20,2021-08-19 17:18:49,1629389929000,0.0,79.0
8,Bin 20,2021-08-19 17:18:52,1629389932000,0.0,82.0
8,Bin 20,2021-08-19 17:18:54,1629389934000,0.0,84.0
8,Bin 20,2021-08-19 17:18:57,1629389937000,0.0,87.0
8,Bin 20,2021-08-19 17:19:00,1629389940000,0.0,90.0
8,Bin 20,2021-08-19 17:19:04,1629389944000,0.0,94.0
8,Bin 20,2021-08-19 17:19:07,1629389947000,0.0,97.0
8,Bin 20,2021-08-19 17:19:09,1629389949000,0.0,99.0
8,Bin 20,2021-08-19 17:19:12,1629389952000,0.0,102.0
8,Bin 20,2021-08-19 17:19:14,1629389954000,0.0,104.0
8,Bin 20,2021-08-19 17:19:17,1629389957000,0.0,107.0
8,Bin 20,2021-08-19 17:19:20,1629389960000,0.0,110.0
8,Bin 20,2021-08-19 17:19:23,1629389963000,0.0,113.0
8,Bin 20,2021-08-19 17:19:26,1629389966000,0.0,116.00000000000001
8,Bin 20,2021-08-19 17:19:29,1629389969000,0.0,119.00000000000001
8,Bin 20,2021-08-19 17:19:32,1629389972000,0.0,122.00000000000001
8,Bin 20,2021-08-19 17:19:34,1629389974000,0.0,124.00000000000001
8,Bin 20,2021-08-19 17:19:37,1629389977000,0.0,127.00000000000001
8,Bin 20,2021-08-19 17:19:40,1629389980000,0.0,130.0
8,Bin 20,2021-08-19 17:19:42,1629389982000,0.0,132.0
8,Bin 20,2021-08-19 17:19:46,1629389986000,0.0,136.0
8,Bin 20,2021-08-19 17:19:50,1629389990000,0.0,140.0
8,Bin 20,2021-08-19 17:19:53,1629389993000,0.0,143.0
8,Bin 20,2021-08-19 17:19:56,1629389996000,0.0,146.0
8,Bin 20,2021-08-19 17:19:59,1629389999000,0.0,149.0
8,Bin 20,2021-08-19 17:20:02,1629390002000,0.0,152.0
8,Bin 20,2021-08-19 17:20:05,1629390005000,0.0,155.0
8,Bin 20,2021-08-19 17:20:07,1629390007000,0.0,157.0
8,Bin 20,2021-08-19 17:20:10,1629390010000,0.0,160.0
8,Bin 20,2021-08-19 17:20:13,1629390013000,0.0,163.0
8,Bin 20,2021-08-19 17:20:16,1629390016000,0.0,166.0
8,Bin 20,2021-08-19 17:20:19,1629390019000,0.0,169.0
8,Bin 20,2021-08-19 17:20:22,1629390022000,0.0,172.0
8,Bin 20,2021-08-19 17:20:25,1629390025000,0.0,175.0
8,Bin 20,2021-08-19 17:20:28,1629390028000,0.0,178.0
8,Bin 20,2021-08-19 17:20:30,1629390030000,0.0,180.0
8,Bin 20,2021-08-19 17:20:33,1629390033000,0.0,183.0
8,Bin 20,2021-08-19 17:20:36,1629390036000,0.0,186.0
8,Bin 20,2021-08-19 17:20:38,1629390038000,0.0,188.0
8,Bin 20,2021-08-19 17:20:41,1629390041000,0.0,191.0
8,Bin 20,2021-08-19 17:20:44,1629390044000,0.0,194.0
8,Bin 20,2021-08-19 17:20:47,1629390047000,0.0,197.0
8,Bin 20,2021-08-19 17:20:49,1629390049000,0.0,199.0
8,Bin 20,2021-08-19 17:20:52,1629390052000,0.0,202.0
8,Bin 20,2021-08-19 17:20:55,1629390055000,0.0,205.0
8,Bin 20,2021-08-19 17:20:58,1629390058000,0.0,208.0
8,Bin 20,2021-08-19 17:21:00,1629390060000,0.0,210.0
8,Bin 20,2021-08-19 17:21:03,1629390063000,0.0,213.0
8,Bin 20,2021-08-19 17:21:06,1629390066000,0.0,216.0
8,Bin 20,2021-08-19 17:21:09,1629390069000,0.0,219.0
8,Bin 20,2021-08-19 17:21:12,1629390072000,0.0,222.0
8,Bin 20,2021-08-19 17:21:15,1629390075000,0.0,225.0
8,Bin 20,2021-08-19 17:21:18,1629390078000,0.0,228.0
8,Bin 20,2021-08-19 17:21:21,1629390081000,0.0,231.00000000000003
8,Bin 20,2021-08-19 17:21:24,1629390084000,0.0,234.00000000000003
8,Bin 20,2021-08-19 17:21:27,1629390087000,0.0,237.00000000000003
8,Bin 20,2021-08-19 17:21:29,1629390089000,0.0,239.00000000000003
8,Bin 20,2021-08-19 17:21:32,1629390092000,0.0,242.00000000000003
8,Bin 20,2021-08-19 17:21:35,1629390095000,0.0,245.00000000000003
8,Bin 20,2021-08-19 17:21:37,1629390097000,0.0,247.00000000000003
8,Bin 20,2021-08-19 17:21:40,1629390100000,0.0,250.00000000000003
8,Bin 20,2021-08-19 17:21:43,1629390103000,0.0,253.00000000000003
8,Bin 20,2021-08-19 17:21:46,1629390106000,0.0,256.0
8,Bin 20,2021-08-19 17:21:48,1629390108000,0.0,258.0
8,Bin 20,2021-08-19 17:21:51,1629390111000,0.0,261.0
8,Bin 20,2021-08-19 17:21:54,1629390114000,0.0,264.0
8,Bin 20,2021-08-19 17:21:56,1629390116000,0.0,266.0
8,Bin 20,2021-08-19 17:21:59,1629390119000,0.0,269.0
8,Bin 20,2021-08-19 17:22:02,1629390122000,0.0,272.0
8,Bin 20,2021-08-19 17:22:05,1629390125000,0.0,275.0
8,Bin 20,2021-08-19 17:22:08,1629390128000,0.0,278.0
8,Bin 20,2021-08-19 17:22:11,1629390131000,0.0,281.0
8,Bin 20,2021-08-19 17:22:14,1629390134000,0.0,284.0
8,Bin 20,2021-08-19 17:22:17,1629390137000,0.0,287.0
8,Bin 20,2021-08-19 17:22:19,1629390139000,0.0,289.0
8,Bin 20,2021-08-19 17:22:22,1629390142000,0.0,292.0
8,Bin 20,2021-08-19 17:22:25,1629390145000,0.0,295.0
8,Bin 20,2021-08-19 17:22:28,1629390148000,0.0,298.0
8,Bin 20,2021-08-19 17:22:31,1629390151000,0.0,301.0
8,Bin 20,2021-08-19 17:22:33,1629390153000,0.0,303.0
8,Bin 20,2021-08-19 17:22:36,1629390156000,0.0,306.0
8,Bin 20,2021-08-19 17:22:39,1629390159000,0.0,309.0
8,Bin 20,2021-08-19 17:22:42,1629390162000,0.0,312.0
8,Bin 20,2021-08-19 17:22:45,1629390165000,0.0,315.0
8,Bin 20,2021-08-19 17:22:48,1629390168000,0.0,318.0
8,Bin 20,2021-08-19 17:22:51,1629390171000,0.0,321.0
8,Bin 20,2021-08-19 17:22:53,1629390173000,0.0,323.0
8,Bin 20,2021-08-19 17:22:57,1629390177000,0.0,327.0
8,Bin 20,2021-08-19 17:23:00,1629390180000,0.0,330.0
8,Bin 20,2021-08-19 17:23:02,1629390182000,0.0,332.0
8,Bin 20,2021-08-19 17:23:05,1629390185000,0.0,335.0
8,Bin 20,2021-08-19 17:23:08,1629390188000,0.0,338.0
8,Bin 20,2021-08-19 17:23:12,1629390192000,0.0,342.0
8,Bin 20,2021-08-19 17:23:14,1629390194000,0.0,344.0
8,Bin 20,2021-08-19 17:23:17,1629390197000,0.0,347.0
8,Bin 20,2021-08-19 17:23:20,1629390200000,0.0,350.0
8,Bin 20,2021-08-19 17:23:23,1629390203000,0.0,353.0
8,Bin 20,2021-08-19 17:23:26,1629390206000,0.0,356.0
8,Bin 20,2021-08-19 17:23:29,1629390209000,0.0,359.0
8,Bin 20,2021-08-19 17:23:32,1629390212000,0.0,362.0
8,Bin 20,2021-08-19 17:23:35,1629390215000,0.0,365.0
8,Bin 20,2021-08-19 17:23:38,1629390218000,0.0,368.0
8,Bin 20,2021-08-19 17:23:40,1629390220000,0.0,370.0
8,Bin 20,2021-08-19 17:23:43,1629390223000,0.0,373.0
8,Bin 20,2021-08-19 17:23:46,1629390226000,0.0,376.0
8,Bin 20,2021-08-19 17:23:49,1629390229000,0.0,379.0
8,Bin 20,2021-08-19 17:23:52,1629390232000,0.0,382.0
8,Bin 20,2021-08-19 17:23:54,1629390234000,0.0,384.0
8,Bin 20,2021-08-19 17:23:57,1629390237000,0.0,387.0
8,Bin 20,2021-08-19 17:24:00,1629390240000,0.0,390.0
8,Bin 20,2021-08-19 17:24:04,1629390244000,0.0,394.0
8,Bin 20,2021-08-19 17:24:06,1629390246000,0.0,396.0
8,Bin 20,2021-08-19 17:24:09,1629390249000,0.0,399.0
8,Bin 20,2021-08-19 17:24:12,1629390252000,0.0,402.0
8,Bin 20,2021-08-19 17:24:15,1629390255000,0.0,405.0
8,Bin 20,2021-08-19 17:24:18,1629390258000,0.0,408.0
8,Bin 20,2021-08-19 17:24:21,1629390261000,0.0,411.0
8,Bin 20,2021-08-19 17:24:23,1629390263000,0.0,413.0
8,Bin 20,2021-08-19 17:24:26,1629390266000,0.0,416.0
8,Bin 20,2021-08-19 17:24:29,1629390269000,0.0,419.0
8,Bin 20,2021-08-19 17:24:32,1629390272000,0.0,422.0
8,Bin 20,2021-08-19 17:24:35,1629390275000,0.0,425.0
8,Bin 20,2021-08-19 17:24:38,1629390278000,0.0,428.0
8,Bin 20,2021-08-19 17:24:43,1629390283000,0.0,433.0
8,Bin 20,2021-08-19 17:24:46,1629390286000,0.0,436.0
8,Bin 20,2021-08-19 17:24:49,1629390289000,0.0,439.0
8,Bin 20,2021-08-19 17:24:51,1629390291000,0.0,441.0
8,Bin 20,2021-08-19 17:24:54,1629390294000,0.0,444.0
8,Bin 20,2021-08-19 17:24:56,1629390296000,0.0,446.0
8,Bin 20,2021-08-19 17:24:59,1629390299000,0.0,449.0
8,Bin 20,2021-08-19 17:25:02,1629390302000,0.0,452.0
8,Bin 20,2021-08-19 17:25:06,1629390306000,0.0,456.0
8,Bin 20,2021-08-19 17:25:09,1629390309000,0.0,459.00000000000006
8,Bin 20,2021-08-19 17:25:12,1629390312000,0.0,462.00000000000006
8,Bin 20,2021-08-19 17:25:15,1629390315000,0.0,465.00000000000006
8,Bin 20,2021-08-19 17:25:18,1629390318000,0.0,468.00000000000006
8,Bin 20,2021-08-19 17:25:22,1629390322000,0.0,472.00000000000006
8,Bin 20,2021-08-19 17:25:25,1629390325000,0.0,475.00000000000006
8,Bin 20,2021-08-19 17:25:28,1629390328000,0.0,478.00000000000006
8,Bin 20,2021-08-19 17:25:31,1629390331000,0.0,481.00000000000006
8,Bin 20,2021-08-19 17:25:34,1629390334000,0.0,484.00000000000006
8,Bin 20,2021-08-19 17:25:37,1629390337000,0.0,487.00000000000006
8,Bin 20,2021-08-19 17:25:40,1629390340000,0.0,490.00000000000006
8,Bin 20,2021-08-19 17:25:43,1629390343000,0.0,493.00000000000006
8,Bin 20,2021-08-19 17:25:45,1629390345000,0.0,495.00000000000006
8,Bin 20,2021-08-19 17:25:49,1629390349000,0.0,499.00000000000006
8,Bin 20,2021-08-19 17:25:52,1629390352000,0.0,502.00000000000006
8,Bin 20,2021-08-19 17:25:55,1629390355000,0.0,505.00000000000006
8,Bin 20,2021-08-19 17:25:58,1629390358000,0.0,508.00000000000006
8,Bin 20,2021-08-19 17:26:01,1629390361000,0.0,511.00000000000006
8,Bin 20,2021-08-19 17:26:04,1629390364000,0.0,514.0
8,Bin 20,2021-08-19 17:26:06,1629390366000,0.0,516.0
8,Bin 20,2021-08-19 17:26:09,1629390369000,0.0,519.0
8,Bin 20,2021-08-19 17:26:12,1629390372000,0.0,522.0
8,Bin 20,2021-08-19 17:26:15,1629390375000,0.0,525.0
8,Bin 20,2021-08-19 17:26:18,1629390378000,0.0,528.0
8,Bin 20,2021-08-19 17:26:21,1629390381000,0.0,531.0
8,Bin 20,2021-08-19 17:26:24,1629390384000,0.0,534.0
8,Bin 20,2021-08-19 17:26:27,1629390387000,0.0,537.0
8,Bin 20,2021-08-19 17:26:30,1629390390000,0.0,540.0
8,Bin 20,2021-08-19 17:26:32,1629390392000,0.0,542.0
8,Bin 20,2021-08-19 17:26:35,1629390395000,0.0,545.0
8,Bin 20,2021-08-19 17:26:38,1629390398000,0.0,548.0
8,Bin 20,2021-08-19 17:26:41,1629390401000,0.0,551.0
8,Bin 20,2021-08-19 17:26:44,1629390404000,0.0,554.0
8,Bin 20,2021-08-19 17:26:47,1629390407000,0.0,557.0
8,Bin 20,2021-08-19 17:26:50,1629390410000,0.0,560.0
8,Bin 20,2021-08-19 17:26:52,1629390412000,0.0,562.0
8,Bin 20,2021-08-19 17:26:54,1629390414000,0.0,564.0
8,Bin 20,2021-08-19 17:26:58,1629390418000,0.0,568.0
8,Bin 20,2021-08-19 17:27:01,1629390421000,0.0,571.0
8,Bin 20,2021-08-19 17:27:03,1629390423000,0.0,573.0
8,Bin 20,2021-08-19 17:27:06,1629390426000,0.0,576.0
8,Bin 20,2021-08-19 17:27:09,1629390429000,0.0,579.0
8,Bin 20,2021-08-19 17:27:12,1629390432000,0.0,582.0
8,Bin 20,2021-08-19 17:27:15,1629390435000,0.0,585.0
8,Bin 20,2021-08-19 17:27:18,1629390438000,0.0,588.0
8,Bin 20,2021-08-19 17:27:21,1629390441000,0.0,591.0
8,Bin 20,2021-08-19 17:27:24,1629390444000,0.0,594.0
8,Bin 20,2021-08-19 17:27:27,1629390447000,0.0,597.0
8,Bin 20,2021-08-19 17:27:30,1629390450000,0.0,600.0
8,Bin 20,2021-08-19 17:27:33,1629390453000,0.0,603.0
8,Bin 20,2021-08-19 17:27:36,1629390456000,0.0,606.0
8,Bin 20,2021-08-19 17:27:39,1629390459000,0.0,609.0
8,Bin 20,2021-08-19 17:27:42,1629390462000,0.0,612.0
8,Bin 20,2021-08-19 17:27:45,1629390465000,0.0,615.0
8,Bin 20,2021-08-19 17:27:47,1629390467000,0.0,617.0
8,Bin 20,2021-08-19 17:27:50,1629390470000,0.0,620.0
8,Bin 20,2021-08-19 17:27:52,1629390472000,0.0,622.0
8,Bin 20,2021-08-19 17:27:55,1629390475000,0.0,625.0
8,Bin 20,2021-08-19 17:27:58,1629390478000,0.0,628.0
8,Bin 20,2021-08-19 17:28:01,1629390481000,0.0,631.0
8,Bin 20,2021-08-19 17:28:04,1629390484000,0.0,634.0
8,Bin 20,2021-08-19 17:28:06,1629390486000,0.0,636.0
8,Bin 20,2021-08-19 17:28:09,1629390489000,0.0,639.0
8,Bin 20,2021-08-19 17:28:12,1629390492000,0.0,642.0
8,Bin 20,2021-08-19 17:28:15,1629390495000,0.0,645.0
8,Bin 20,2021-08-19 17:28:18,1629390498000,0.0,648.0
8,Bin 20,2021-08-19 17:28:21,1629390501000,0.0,651.0
8,Bin 20,2021-08-19 17:28:24,1629390504000,0.0,654.0
8,Bin 20,2021-08-19 17:28:27,1629390507000,0.0,657.0
8,Bin 20,2021-08-19 17:28:30,1629390510000,0.0,660.0
8,Bin 20,2021-08-19 17:28:34,1629390514000,0.0,664.0
8,Bin 20,2021-08-19 17:28:36,1629390516000,0.0,666.0
8,Bin 20,2021-08-19 17:28:39,1629390519000,0.0,669.0
8,Bin 20,2021-08-19 17:28:42,1629390522000,0.0,672.0
8,Bin 20,2021-08-19 17:28:44,1629390524000,0.0,674.0
8,Bin 20,2021-08-19 17:28:47,1629390527000,0.0,677.0
8,Bin 20,2021-08-19 17:28:50,1629390530000,0.0,680.0
8,Bin 20,2021-08-19 17:28:53,1629390533000,0.0,683.0
8,Bin 20,2021-08-19 17:28:56,1629390536000,0.0,686.0
8,Bin 20,2021-08-19 17:28:59,1629390539000,0.0,689.0
8,Bin 20,2021-08-19 17:29:02,1629390542000,0.0,692.0
8,Bin 20,2021-08-19 17:29:05,1629390545000,0.0,695.0
8,Bin 20,2021-08-19 17:29:08,1629390548000,0.0,698.0
8,Bin 20,2021-08-19 17:29:10,1629390550000,0.0,700.0
8,Bin 20,2021-08-19 17:29:13,1629390553000,0.0,703.0
8,Bin 20,2021-08-19 17:29:15,1629390555000,0.0,705.0
8,Bin 20,2021-08-19 17:29:18,1629390558000,0.0,708.0
8,Bin 20,2021-08-19 17:29:20,1629390560000,0.0,710.0
8,Bin 20,2021-08-19 17:29:23,1629390563000,0.0,713.0
8,Bin 20,2021-08-19 17:29:25,1629390565000,0.0,715.0
8,Bin 20,2021-08-19 17:29:28,1629390568000,0.0,718.0
8,Bin 20,2021-08-19 17:29:30,1629390570000,0.0,720.0
8,Bin 20,2021-08-19 17:29:33,1629390573000,0.0,723.0
8,Bin 20,2021-08-19 17:29:35,1629390575000,0.0,725.0
8,Bin 20,2021-08-19 17:29:38,1629390578000,0.0,728.0
8,Bin 20,2021-08-19 17:29:40,1629390580000,0.0,730.0
8,Bin 20,2021-08-19 17:29:43,1629390583000,0.0,733.0
8,Bin 20,2021-08-19 17:29:46,1629390586000,0.0,736.0
8,Bin 20,2021-08-19 17:29:49,1629390589000,0.0,739.0
8,Bin 20,2021-08-19 17:29:51,1629390591000,0.0,741.0
8,Bin 20,2021-08-19 17:29:54,1629390594000,0.0,744.0
8,Bin 20,2021-08-19 17:29:57,1629390597000,0.0,747.0
8,Bin 20,2021-08-19 17:29:59,1629390599000,0.0,749.0
8,Bin 20,2021-08-19 17:30:02,1629390602000,0.0,752.0
8,Bin 20,2021-08-19 17:30:04,1629390604000,0.0,754.0
8,Bin 20,2021-08-19 17:30:07,1629390607000,0.0,757.0
8,Bin 20,2021-08-19 17:30:10,1629390610000,0.0,760.0
8,Bin 20,2021-08-19 17:30:13,1629390613000,0.0,763.0
8,Bin 20,2021-08-19 17:30:16,1629390616000,0.0,766.0
8,Bin 20,2021-08-19 17:30:19,1629390619000,0.0,769.0
8,Bin 20,2021-08-19 17:30:22,1629390622000,0.0,772.0
8,Bin 20,2021-08-19 17:30:25,1629390625000,0.0,775.0
8,Bin 20,2021-08-19 17:30:28,1629390628000,0.0,778.0
8,Bin 20,2021-08-19 17:30:31,1629390631000,0.0,781.0
8,Bin 20,2021-08-19 17:30:35,1629390635000,0.0,785.0
8,Bin 20,2021-08-19 17:30:37,1629390637000,0.0,787.0
8,Bin 20,2021-08-19 17:30:40,1629390640000,0.0,790.0
8,Bin 20,2021-08-19 17:30:43,1629390643000,0.0,793.0
8,Bin 20,2021-08-19 17:30:45,1629390645000,0.0,795.0
8,Bin 20,2021-08-19 17:30:48,1629390648000,0.0,798.0
8,Bin 20,2021-08-19 17:30:51,1629390651000,0.0,801.0
8,Bin 20,2021-08-19 17:30:53,1629390653000,0.0,803.0
8,Bin 20,2021-08-19 17:30:56,1629390656000,0.0,806.0
8,Bin 20,2021-08-19 17:30:59,1629390659000,0.0,809.0
8,Bin 20,2021-08-19 17:31:02,1629390662000,0.0,812.0
8,Bin 20,2021-08-19 17:31:04,1629390664000,0.0,814.0
8,Bin 20,2021-08-19 17:31:07,1629390667000,0.0,817.0
8,Bin 20,2021-08-19 17:31:10,1629390670000,0.0,820.0
8,Bin 20,2021-08-19 17:31:13,1629390673000,0.0,823.0
8,Bin 20,2021-08-19 17:31:16,1629390676000,0.0,826.0
8,Bin 20,2021-08-19 17:31:18,1629390678000,0.0,828.0
8,Bin 20,2021-08-19 17:31:21,1629390681000,0.0,831.0
8,Bin 20,2021-08-19 17:31:24,1629390684000,0.0,834.0
8,Bin 20,2021-08-19 17:31:27,1629390687000,0.0,837.0
8,Bin 20,2021-08-19 17:31:30,1629390690000,0.0,840.0
8,Bin 20,2021-08-19 17:31:32,1629390692000,0.0,842.0
8,Bin 20,2021-08-19 17:31:36,1629390696000,0.0,846.0
8,Bin 20,2021-08-19 17:31:38,1629390698000,0.0,848.0
8,Bin 20,2021-08-19 17:31:41,1629390701000,0.0,851.0
8,Bin 20,2021-08-19 17:31:44,1629390704000,0.0,854.0
8,Bin 20,2021-08-19 17:31:47,1629390707000,0.0,857.0
8,Bin 20,2021-08-19 17:31:49,1629390709000,0.0,859.0
8,Bin 20,2021-08-19 17:31:52,1629390712000,0.0,862.0
8,Bin 20,2021-08-19 17:31:55,1629390715000,0.0,865.0
8,Bin 20,2021-08-19 17:31:58,1629390718000,0.0,868.0
8,Bin 20,2021-08-19 17:32:00,1629390720000,0.0,870.0
8,Bin 20,2021-08-19 17:32:03,1629390723000,0.0,873.0
8,Bin 20,2021-08-19 17:32:06,1629390726000,0.0,876.0
8,Bin 20,2021-08-19 17:32:09,1629390729000,0.0,879.0
8,Bin 20,2021-08-19 17:32:11,1629390731000,0.0,881.0
8,Bin 20,2021-08-19 17:32:15,1629390735000,0.0,885.0
8,Bin 20,2021-08-19 17:32:18,1629390738000,0.0,888.0
8,Bin 20,2021-08-19 17:32:21,1629390741000,0.0,891.0
8,Bin 20,2021-08-19 17:32:24,1629390744000,0.0,894.0
8,Bin 20,2021-08-19 17:32:27,1629390747000,0.0,897.0
8,Bin 20,2021-08-19 17:32:30,1629390750000,0.0,900.0
8,Bin 20,2021-08-19 17:32:33,1629390753000,0.0,903.0
8,Bin 20,2021-08-19 17:32:35,1629390755000,0.0,905.0
8,Bin 20,2021-08-19 17:32:38,1629390758000,0.0,908.0
8,Bin 20,2021-08-19 17:32:41,1629390761000,0.0,911.0
8,Bin 20,2021-08-19 17:32:44,1629390764000,0.0,914.0000000000001
8,Bin 20,2021-08-19 17:32:47,1629390767000,0.0,917.0000000000001
8,Bin 20,2021-08-19 17:32:50,1629390770000,0.0,920.0000000000001
8,Bin 20,2021-08-19 17:32:52,1629390772000,0.0,922.0000000000001
8,Bin 20,2021-08-19 17:32:55,1629390775000,0.0,925.0000000000001
8,Bin 20,2021-08-19 17:32:57,1629390777000,0.0,927.0000000000001
8,Bin 20,2021-08-19 17:33:00,1629390780000,0.0,930.0000000000001
8,Bin 20,2021-08-19 17:33:03,1629390783000,0.0,933.0000000000001
8,Bin 20,2021-08-19 17:33:06,1629390786000,0.0,936.0000000000001
8,Bin 20,2021-08-19 17:33:09,1629390789000,0.0,939.0000000000001
8,Bin 20,2021-08-19 17:33:11,1629390791000,0.0,941.0000000000001
8,Bin 20,2021-08-19 17:33:14,1629390794000,0.0,944.0000000000001
8,Bin 20,2021-08-19 17:33:17,1629390797000,0.0,947.0000000000001
8,Bin 20,2021-08-19 17:33:19,1629390799000,0.0,949.0000000000001
8,Bin 20,2021-08-19 17:33:22,1629390802000,0.0,952.0000000000001
8,Bin 20,2021-08-19 17:33:25,1629390805000,0.0,955.0000000000001
8,Bin 20,2021-08-19 17:33:29,1629390809000,0.0,959.0000000000001
8,Bin 20,2021-08-19 17:33:31,1629390811000,0.0,961.0000000000001
8,Bin 20,2021-08-19 17:33:34,1629390814000,0.0,964.0000000000001
8,Bin 20,2021-08-19 17:33:37,1629390817000,0.0,967.0000000000001
8,Bin 20,2021-08-19 17:33:40,1629390820000,0.0,970.0000000000001
8,Bin 20,2021-08-19 17:33:43,1629390823000,0.0,973.0000000000001
8,Bin 20,2021-08-19 17:33:46,1629390826000,0.0,976.0000000000001
8,Bin 20,2021-08-19 17:33:49,1629390829000,0.0,979.0000000000001
8,Bin 20,2021-08-19 17:33:52,1629390832000,0.0,982.0000000000001
8,Bin 20,2021-08-19 17:33:55,1629390835000,0.0,985.0000000000001
8,Bin 20,2021-08-19 17:33:58,1629390838000,0.0,988.0000000000001
8,Bin 20,2021-08-19 17:34:01,1629390841000,0.0,991.0000000000001
8,Bin 20,2021-08-19 17:34:04,1629390844000,0.0,994.0000000000001
8,Bin 20,2021-08-19 17:34:07,1629390847000,0.0,997.0000000000001
8,Bin 20,2021-08-19 17:34:10,1629390850000,0.0,1000.0000000000001
8,Bin 20,2021-08-19 17:34:13,1629390853000,0.0,1003.0000000000001
8,Bin 20,2021-08-19 17:34:16,1629390856000,0.0,1006.0000000000001
8,Bin 20,2021-08-19 17:34:18,1629390858000,0.0,1008.0000000000001
8,Bin 20,2021-08-19 17:34:21,1629390861000,0.0,1011.0000000000001
8,Bin 20,2021-08-19 17:34:25,1629390865000,0.0,1015.0000000000001
8,Bin 20,2021-08-19 17:34:28,1629390868000,0.0,1018.0000000000001
8,Bin 20,2021-08-19 17:34:31,1629390871000,0.0,1021.0000000000001
8,Bin 20,2021-08-19 17:34:33,1629390873000,0.0,1023.0000000000001
8,Bin 20,2021-08-19 17:34:36,1629390876000,0.0,1026.0
8,Bin 20,2021-08-19 17:34:38,1629390878000,0.0,1028.0
8,Bin 20,2021-08-19 17:34:41,1629390881000,0.0,1031.0
8,Bin 20,2021-08-19 17:34:44,1629390884000,0.0,1034.0
8,Bin 20,2021-08-19 17:34:47,1629390887000,0.0,1037.0
8,Bin 20,2021-08-19 17:34:50,1629390890000,0.0,1040.0
8,Bin 20,2021-08-19 17:34:53,1629390893000,0.0,1043.0
8,Bin 20,2021-08-19 17:34:56,1629390896000,0.0,1046.0
8,Bin 20,2021-08-19 17:34:58,1629390898000,0.0,1048.0
8,Bin 20,2021-08-19 17:35:01,1629390901000,0.0,1051.0
8,Bin 20,2021-08-19 17:35:04,1629390904000,0.0,1054.0
8,Bin 20,2021-08-19 17:35:07,1629390907000,0.0,1057.0
8,Bin 20,2021-08-19 17:35:10,1629390910000,0.0,1060.0
8,Bin 20,2021-08-19 17:35:12,1629390912000,0.0,1062.0
8,Bin 20,2021-08-19 17:35:14,1629390914000,0.0,1064.0
8,Bin 20,2021-08-19 17:35:17,1629390917000,0.0,1067.0
8,Bin 20,2021-08-19 17:35:20,1629390920000,0.0,1070.0
8,Bin 20,2021-08-19 17:35:22,1629390922000,0.0,1072.0
8,Bin 20,2021-08-19 17:35:25,1629390925000,0.0,1075.0
8,Bin 20,2021-08-19 17:35:28,1629390928000,0.0,1078.0
8,Bin 20,2021-08-19 17:35:31,1629390931000,0.0,1081.0
8,Bin 20,2021-08-19 17:35:34,1629390934000,0.0,1084.0
8,Bin 20,2021-08-19 17:35:37,1629390937000,0.0,1087.0
8,Bin 20,2021-08-19 17:35:41,1629390941000,0.0,1091.0
8,Bin 20,2021-08-19 17:35:44,1629390944000,0.0,1094.0
8,Bin 20,2021-08-19 17:35:47,1629390947000,0.0,1097.0
8,Bin 20,2021-08-19 17:35:49,1629390949000,0.0,1099.0
8,Bin 20,2021-08-19 17:35:52,1629390952000,0.0,1102.0
8,Bin 20,2021-08-19 17:35:54,1629390954000,0.0,1104.0
8,Bin 20,2021-08-19 17:35:57,1629390957000,0.0,1107.0
8,Bin 20,2021-08-19 17:36:00,1629390960000,0.0,1110.0
8,Bin 20,2021-08-19 17:36:03,1629390963000,0.0,1113.0
8,Bin 20,2021-08-19 17:36:06,1629390966000,0.0,1116.0
8,Bin 20,2021-08-19 17:36:08,1629390968000,0.0,1118.0
8,Bin 20,2021-08-19 17:36:11,1629390971000,0.0,1121.0
8,Bin 20,2021-08-19 17:36:14,1629390974000,0.0,1124.0
8,Bin 20,2021-08-19 17:36:17,1629390977000,0.0,1127.0
8,Bin 20,2021-08-19 17:36:20,1629390980000,0.0,1130.0
8,Bin 20,2021-08-19 17:36:23,1629390983000,0.0,1133.0
8,Bin 20,2021-08-19 17:36:25,1629390985000,0.0,1135.0
8,Bin 20,2021-08-19 17:36:28,1629390988000,0.0,1138.0
8,Bin 20,2021-08-19 17:36:31,1629390991000,0.0,1141.0
8,Bin 20,2021-08-19 17:36:34,1629390994000,0.0,1144.0
8,Bin 20,2021-08-19 17:36:37,1629390997000,0.0,1147.0
8,Bin 20,2021-08-19 17:36:39,1629390999000,0.0,1149.0
8,Bin 20,2021-08-19 17:36:42,1629391002000,0.0,1152.0
8,Bin 20,2021-08-19 17:36:45,1629391005000,0.0,1155.0
8,Bin 20,2021-08-19 17:36:48,1629391008000,0.0,1158.0
8,Bin 20,2021-08-19 17:36:50,1629391010000,0.0,1160.0
8,Bin 20,2021-08-19 17:36:53,1629391013000,0.0,1163.0
8,Bin 20,2021-08-19 17:36:56,1629391016000,0.0,1166.0
8,Bin 20,2021-08-19 17:36:59,1629391019000,0.0,1169.0
8,Bin 20,2021-08-19 17:37:02,1629391022000,0.0,1172.0
8,Bin 20,2021-08-19 17:37:05,1629391025000,0.0,1175.0
8,Bin 20,2021-08-19 17:37:07,1629391027000,0.0,1177.0
8,Bin 20,2021-08-19 17:37:10,1629391030000,0.0,1180.0
8,Bin 20,2021-08-19 17:37:12,1629391032000,0.0,1182.0
8,Bin 20,2021-08-19 17:37:16,1629391036000,0.0,1186.0
8,Bin 20,2021-08-19 17:37:19,1629391039000,0.0,1189.0
8,Bin 20,2021-08-19 17:37:22,1629391042000,0.0,1192.0
8,Bin 20,2021-08-19 17:37:25,1629391045000,0.0,1195.0
8,Bin 20,2021-08-19 17:37:27,1629391047000,0.0,1197.0
8,Bin 20,2021-08-19 17:37:30,1629391050000,0.0,1200.0
8,Bin 20,2021-08-19 17:37:33,1629391053000,0.0,1203.0
8,Bin 20,2021-08-19 17:37:36,1629391056000,0.0,1206.0
8,Bin 20,2021-08-19 17:37:39,1629391059000,0.0,1209.0
8,Bin 20,2021-08-19 17:37:42,1629391062000,0.0,1212.0
8,Bin 20,2021-08-19 17:37:45,1629391065000,0.0,1215.0
8,Bin 20,2021-08-19 17:37:48,1629391068000,0.0,1218.0
8,Bin 20,2021-08-19 17:37:51,1629391071000,0.0,1221.0
8,Bin 20,2021-08-19 17:37:53,1629391073000,0.0,1223.0
8,Bin 20,2021-08-19 17:37:56,1629391076000,0.0,1226.0
8,Bin 20,2021-08-19 17:37:59,1629391079000,0.0,1229.0
8,Bin 20,2021-08-19 17:38:02,1629391082000,0.0,1232.0
8,Bin 20,2021-08-19 17:38:05,1629391085000,0.0,1235.0
8,Bin 20,2021-08-19 17:38:08,1629391088000,0.0,1238.0
8,Bin 20,2021-08-19 17:38:10,1629391090000,0.0,1240.0
8,Bin 20,2021-08-19 17:38:13,1629391093000,0.0,1243.0
8,Bin 20,2021-08-19 17:38:15,1629391095000,0.0,1245.0
8,Bin 20,2021-08-19 17:38:18,1629391098000,0.0,1248.0
8,Bin 20,2021-08-19 17:38:21,1629391101000,0.0,1251.0
8,Bin 20,2021-08-19 17:38:24,1629391104000,0.0,1254.0
8,Bin 20,2021-08-19 17:38:26,1629391106000,0.0,1256.0
8,Bin 20,2021-08-19 17:38:29,1629391109000,0.0,1259.0
8,Bin 20,2021-08-19 17:38:32,1629391112000,0.0,1262.0
8,Bin 20,2021-08-19 17:38:35,1629391115000,0.0,1265.0
8,Bin 20,2021-08-19 17:38:37,1629391117000,0.0,1267.0
8,Bin 20,2021-08-19 17:38:40,1629391120000,0.0,1270.0
8,Bin 20,2021-08-19 17:38:42,1629391122000,0.0,1272.0
8,Bin 20,2021-08-19 17:38:45,1629391125000,0.0,1275.0
8,Bin 20,2021-08-19 17:38:48,1629391128000,0.0,1278.0
8,Bin 20,2021-08-19 17:38:51,1629391131000,0.0,1281.0
8,Bin 20,2021-08-19 17:38:54,1629391134000,0.0,1284.0
8,Bin 20,2021-08-19 17:38:57,1629391137000,0.0,1287.0
8,Bin 20,2021-08-19 17:39:00,1629391140000,0.0,1290.0
8,Bin 20,2021-08-19 17:39:03,1629391143000,0.0,1293.0
8,Bin 20,2021-08-19 17:39:06,1629391146000,0.0,1296.0
8,Bin 20,2021-08-19 17:39:08,1629391148000,0.0,1298.0
8,Bin 20,2021-08-19 17:39:11,1629391151000,0.0,1301.0
8,Bin 20,2021-08-19 17:39:14,1629391154000,0.0,1304.0
8,Bin 20,2021-08-19 17:39:16,1629391156000,0.0,1306.0
8,Bin 20,2021-08-19 17:39:20,1629391160000,0.0,1310.0
8,Bin 20,2021-08-19 17:39:23,1629391163000,0.0,1313.0
8,Bin 20,2021-08-19 17:39:25,1629391165000,0.0,1315.0
8,Bin 20,2021-08-19 17:39:28,1629391168000,0.0,1318.0
8,Bin 20,2021-08-19 17:39:31,1629391171000,0.0,1321.0
8,Bin 20,2021-08-19 17:39:34,1629391174000,0.0,1324.0
8,Bin 20,2021-08-19 17:39:37,1629391177000,0.0,1327.0
8,Bin 20,2021-08-19 17:39:40,1629391180000,0.0,1330.0
8,Bin 20,2021-08-19 17:39:43,1629391183000,0.0,1333.0
8,Bin 20,2021-08-19 17:39:45,1629391185000,0.0,1335.0
8,Bin 20,2021-08-19 17:39:49,1629391189000,0.0,1339.0
8,Bin 20,2021-08-19 17:39:51,1629391191000,0.0,1341.0
8,Bin 20,2021-08-19 17:39:54,1629391194000,0.0,1344.0
8,Bin 20,2021-08-19 17:39:57,1629391197000,0.0,1347.0
8,Bin 20,2021-08-19 17:40:00,1629391200000,0.0,1350.0
8,Bin 20,2021-08-19 17:40:02,1629391202000,0.0,1352.0
8,Bin 20,2021-08-19 17:40:05,1629391205000,0.0,1355.0
8,Bin 20,2021-08-19 17:40:07,1629391207000,0.0,1357.0
8,Bin 20,2021-08-19 17:40:10,1629391210000,0.0,1360.0
8,Bin 20,2021-08-19 17:40:13,1629391213000,0.0,1363.0
8,Bin 20,2021-08-19 17:40:16,1629391216000,0.0,1366.0
8,Bin 20,2021-08-19 17:40:18,1629391218000,0.0,1368.0
8,Bin 20,2021-08-19 17:40:21,1629391221000,0.0,1371.0
8,Bin 20,2021-08-19 17:40:25,1629391225000,0.0,1375.0
8,Bin 20,2021-08-19 17:40:28,1629391228000,0.0,1378.0
8,Bin 20,2021-08-19 17:40:31,1629391231000,0.0,1381.0
8,Bin 20,2021-08-19 17:40:34,1629391234000,0.0,1384.0
8,Bin 20,2021-08-19 17:40:37,1629391237000,0.0,1387.0
8,Bin 20,2021-08-19 17:40:40,1629391240000,0.0,1390.0
8,Bin 20,2021-08-19 17:40:43,1629391243000,0.0,1393.0
8,Bin 20,2021-08-19 17:40:45,1629391245000,0.0,1395.0
8,Bin 20,2021-08-19 17:40:48,1629391248000,0.0,1398.0
8,Bin 20,2021-08-19 17:40:51,1629391251000,0.0,1401.0
8,Bin 20,2021-08-19 17:40:54,1629391254000,0.0,1404.0
8,Bin 20,2021-08-19 17:40:57,1629391257000,0.0,1407.0
8,Bin 20,2021-08-19 17:41:00,1629391260000,0.0,1410.0
8,Bin 20,2021-08-19 17:41:03,1629391263000,0.0,1413.0
8,Bin 20,2021-08-19 17:41:06,1629391266000,0.0,1416.0
8,Bin 20,2021-08-19 17:41:09,1629391269000,0.0,1419.0
8,Bin 20,2021-08-19 17:41:11,1629391271000,0.0,1421.0
8,Bin 20,2021-08-19 17:41:14,1629391274000,0.0,1424.0
8,Bin 20,2021-08-19 17:41:18,1629391278000,0.0,1428.0
8,Bin 20,2021-08-19 17:41:20,1629391280000,0.0,1430.0
8,Bin 20,2021-08-19 17:41:23,1629391283000,0.0,1433.0
8,Bin 20,2021-08-19 17:41:26,1629391286000,0.0,1436.0
8,Bin 20,2021-08-19 17:41:28,1629391288000,0.0,1438.0
8,Bin 20,2021-08-19 17:41:31,1629391291000,0.0,1441.0
8,Bin 20,2021-08-19 17:41:34,1629391294000,0.0,1444.0
8,Bin 20,2021-08-19 17:41:37,1629391297000,0.0,1447.0
8,Bin 20,2021-08-19 17:41:40,1629391300000,0.0,1450.0
8,Bin 20,2021-08-19 17:41:42,1629391302000,0.0,1452.0
8,Bin 20,2021-08-19 17:41:45,1629391305000,0.0,1455.0
8,Bin 20,2021-08-19 17:41:48,1629391308000,0.0,1458.0
8,Bin 20,2021-08-19 17:41:50,1629391310000,0.0,1460.0
8,Bin 20,2021-08-19 17:41:53,1629391313000,0.0,1463.0
8,Bin 20,2021-08-19 17:41:56,1629391316000,0.0,1466.0
8,Bin 20,2021-08-19 17:41:59,1629391319000,0.0,1469.0
8,Bin 20,2021-08-19 17:42:01,1629391321000,0.0,1471.0
8,Bin 20,2021-08-19 17:42:04,1629391324000,0.0,1474.0
8,Bin 20,2021-08-19 17:42:07,1629391327000,0.0,1477.0
8,Bin 20,2021-08-19 17:42:10,1629391330000,0.0,1480.0
8,Bin 20,2021-08-19 17:42:12,1629391332000,0.0,1482.0
8,Bin 20,2021-08-19 17:42:15,1629391335000,0.0,1485.0
8,Bin 20,2021-08-19 17:42:18,1629391338000,0.0,1488.0
8,Bin 20,2021-08-19 17:42:21,1629391341000,0.0,1491.0
8,Bin 20,2021-08-19 17:42:24,1629391344000,0.0,1494.0
8,Bin 20,2021-08-19 17:42:27,1629391347000,0.0,1497.0
8,Bin 20,2021-08-19 17:42:30,1629391350000,0.0,1500.0
8,Bin 20,2021-08-19 17:42:32,1629391352000,0.0,1502.0
8,Bin 20,2021-08-19 17:42:35,1629391355000,0.0,1505.0
8,Bin 20,2021-08-19 17:42:38,1629391358000,0.0,1508.0
8,Bin 20,2021-08-19 17:42:41,1629391361000,0.0,1511.0
8,Bin 20,2021-08-19 17:42:44,1629391364000,0.0,1514.0
8,Bin 20,2021-08-19 17:42:46,1629391366000,0.0,1516.0
8,Bin 20,2021-08-19 17:42:49,1629391369000,0.0,1519.0
8,Bin 20,2021-08-19 17:42:51,1629391371000,0.0,1521.0
8,Bin 20,2021-08-19 17:42:53,1629391373000,0.0,1523.0
8,Bin 20,2021-08-19 17:42:56,1629391376000,0.0,1526.0
