nodeid,sensorname,timestamp,timestampint,reading,time_s
10,Bin 0,2021-08-19 17:43:00,1629391380000,3.467827320098877,3.0
10,Bin 0,2021-08-19 17:43:02,1629391382000,2.104377031326294,5.0
10,Bin 0,2021-08-19 17:43:05,1629391385000,3.260702848434448,8.0
10,Bin 0,2021-08-19 17:43:08,1629391388000,3.631637334823608,11.0
10,Bin 0,2021-08-19 17:43:11,1629391391000,3.147557497024536,14.0
10,Bin 0,2021-08-19 17:43:14,1629391394000,3.381234169006348,17.0
10,Bin 0,2021-08-19 17:43:16,1629391396000,4.239421367645264,19.0
10,Bin 0,2021-08-19 17:43:19,1629391399000,4.863813400268555,22.0
10,Bin 0,2021-08-19 17:43:22,1629391402000,2.629206657409668,25.0
10,Bin 0,2021-08-19 17:43:24,1629391404000,1.6608142852783203,27.0
10,Bin 0,2021-08-19 17:43:27,1629391407000,2.024200439453125,30.000000000000004
10,Bin 0,2021-08-19 17:43:30,1629391410000,3.02550745010376,33.0
10,Bin 0,2021-08-19 17:43:32,1629391412000,11.916501998901367,35.0
10,Bin 0,2021-08-19 17:43:35,1629391415000,2.1300766468048096,38.0
10,Bin 0,2021-08-19 17:43:38,1629391418000,5.600604057312012,41.0
10,Bin 0,2021-08-19 17:43:40,1629391420000,5.689407825469972,43.0
10,Bin 0,2021-08-19 17:43:43,1629391423000,8.311942100524902,46.0
10,Bin 0,2021-08-19 17:43:45,1629391425000,3.1269543170928955,48.0
10,Bin 0,2021-08-19 17:43:48,1629391428000,4.496521949768066,51.0
10,Bin 0,2021-08-19 17:43:50,1629391430000,3.809523820877075,53.0
10,Bin 0,2021-08-19 17:43:52,1629391432000,9.148638725280762,55.0
10,Bin 0,2021-08-19 17:43:55,1629391435000,4.8828125,58.00000000000001
10,Bin 0,2021-08-19 17:43:57,1629391437000,4.403993129730225,60.00000000000001
10,Bin 0,2021-08-19 17:44:00,1629391440000,3.933747529983521,63.00000000000001
10,Bin 0,2021-08-19 17:44:03,1629391443000,7.66148042678833,66.0
10,Bin 0,2021-08-19 17:44:06,1629391446000,10.373443603515623,69.0
10,Bin 0,2021-08-19 17:44:09,1629391449000,8.125174522399902,72.0
10,Bin 0,2021-08-19 17:44:11,1629391451000,9.088987350463867,74.0
10,Bin 0,2021-08-19 17:44:14,1629391454000,8.731718063354492,77.0
10,Bin 0,2021-08-19 17:44:17,1629391457000,6.031228542327881,80.0
10,Bin 0,2021-08-19 17:44:20,1629391460000,7.12964391708374,83.0
10,Bin 0,2021-08-19 17:44:23,1629391463000,9.65668773651123,86.0
10,Bin 0,2021-08-19 17:44:26,1629391466000,6.87725305557251,89.0
10,Bin 0,2021-08-19 17:44:29,1629391469000,6.058629035949707,92.0
10,Bin 0,2021-08-19 17:44:31,1629391471000,8.788159370422362,94.0
10,Bin 0,2021-08-19 17:44:34,1629391474000,13.528138160705565,97.0
10,Bin 0,2021-08-19 17:44:37,1629391477000,14.93113613128662,100.0
10,Bin 0,2021-08-19 17:44:39,1629391479000,16.207002639770508,102.0
10,Bin 0,2021-08-19 17:44:42,1629391482000,30.3951358795166,105.0
10,Bin 0,2021-08-19 17:44:45,1629391485000,15.071759223937988,108.0
10,Bin 0,2021-08-19 17:44:48,1629391488000,14.201871871948242,111.0
10,Bin 0,2021-08-19 17:44:51,1629391491000,10.151347160339355,114.0
10,Bin 0,2021-08-19 17:44:53,1629391493000,8.455127716064451,116.00000000000001
10,Bin 0,2021-08-19 17:44:56,1629391496000,10.265469551086426,119.00000000000001
10,Bin 0,2021-08-19 17:44:59,1629391499000,9.674627304077148,122.00000000000001
10,Bin 0,2021-08-19 17:45:01,1629391501000,11.453240394592285,124.00000000000001
10,Bin 0,2021-08-19 17:45:04,1629391504000,16.409997940063473,127.00000000000001
10,Bin 0,2021-08-19 17:45:07,1629391507000,14.380512237548828,130.0
10,Bin 0,2021-08-19 17:45:10,1629391510000,12.038103103637695,133.0
10,Bin 0,2021-08-19 17:45:12,1629391512000,13.090349197387695,135.0
10,Bin 0,2021-08-19 17:45:15,1629391515000,11.820767402648926,138.0
10,Bin 0,2021-08-19 17:45:18,1629391518000,11.222004890441896,141.0
10,Bin 0,2021-08-19 17:45:21,1629391521000,9.999107360839844,144.0
10,Bin 0,2021-08-19 17:45:24,1629391524000,8.945385932922363,147.0
10,Bin 0,2021-08-19 17:45:27,1629391527000,9.583707809448242,150.0
10,Bin 0,2021-08-19 17:45:30,1629391530000,10.028127670288086,153.0
10,Bin 0,2021-08-19 17:45:32,1629391532000,9.072510719299316,155.0
10,Bin 0,2021-08-19 17:45:35,1629391535000,11.84470272064209,158.0
10,Bin 0,2021-08-19 17:45:38,1629391538000,15.144571304321287,161.0
10,Bin 0,2021-08-19 17:45:41,1629391541000,15.003905296325685,164.0
10,Bin 0,2021-08-19 17:45:44,1629391544000,14.87612247467041,167.0
10,Bin 0,2021-08-19 17:45:47,1629391547000,14.798372268676758,170.0
10,Bin 0,2021-08-19 17:45:49,1629391549000,13.753807067871096,172.0
10,Bin 0,2021-08-19 17:45:52,1629391552000,15.076619148254395,175.0
10,Bin 0,2021-08-19 17:45:55,1629391555000,12.035192489624025,178.0
10,Bin 0,2021-08-19 17:45:58,1629391558000,14.04521369934082,181.0
10,Bin 0,2021-08-19 17:46:01,1629391561000,11.585116386413574,184.0
10,Bin 0,2021-08-19 17:46:03,1629391563000,14.105250358581545,186.0
10,Bin 0,2021-08-19 17:46:06,1629391566000,16.831384658813473,189.0
10,Bin 0,2021-08-19 17:46:09,1629391569000,11.021924018859863,192.0
10,Bin 0,2021-08-19 17:46:11,1629391571000,10.101757049560547,194.0
10,Bin 0,2021-08-19 17:46:15,1629391575000,13.42161750793457,198.0
10,Bin 0,2021-08-19 17:46:18,1629391578000,11.05805492401123,201.0
10,Bin 0,2021-08-19 17:46:21,1629391581000,11.78116512298584,204.0
10,Bin 0,2021-08-19 17:46:23,1629391583000,8.370535850524902,206.0
10,Bin 0,2021-08-19 17:46:26,1629391586000,10.878010749816896,209.0
10,Bin 0,2021-08-19 17:46:29,1629391589000,11.56575870513916,212.0
10,Bin 0,2021-08-19 17:46:32,1629391592000,8.294045448303223,215.0
10,Bin 0,2021-08-19 17:46:35,1629391595000,11.021142959594727,218.0
10,Bin 0,2021-08-19 17:46:38,1629391598000,11.29411792755127,221.0
10,Bin 0,2021-08-19 17:46:42,1629391602000,13.277311325073242,225.0
10,Bin 0,2021-08-19 17:46:45,1629391605000,9.53125,228.0
10,Bin 0,2021-08-19 17:46:49,1629391609000,11.532490730285645,232.00000000000003
10,Bin 0,2021-08-19 17:46:53,1629391613000,11.81884479522705,236.00000000000003
10,Bin 0,2021-08-19 17:46:57,1629391617000,11.13569450378418,240.00000000000003
10,Bin 0,2021-08-19 17:47:00,1629391620000,9.027432441711426,243.00000000000003
10,Bin 0,2021-08-19 17:47:04,1629391624000,13.24536418914795,247.00000000000003
10,Bin 0,2021-08-19 17:47:08,1629391628000,8.13542366027832,251.00000000000003
10,Bin 0,2021-08-19 17:47:11,1629391631000,11.365686416625975,254.00000000000003
10,Bin 0,2021-08-19 17:47:14,1629391634000,10.772056579589844,257.0
10,Bin 0,2021-08-19 17:47:18,1629391638000,10.842512130737305,261.0
10,Bin 0,2021-08-19 17:47:21,1629391641000,10.020040512084961,264.0
10,Bin 0,2021-08-19 17:47:24,1629391644000,13.448835372924805,267.0
10,Bin 0,2021-08-19 17:47:27,1629391647000,13.75489902496338,270.0
10,Bin 0,2021-08-19 17:47:30,1629391650000,12.624101638793945,273.0
10,Bin 0,2021-08-19 17:47:33,1629391653000,13.007899284362793,276.0
10,Bin 0,2021-08-19 17:47:35,1629391655000,8.328433990478517,278.0
10,Bin 0,2021-08-19 17:47:38,1629391658000,11.616291046142578,281.0
10,Bin 0,2021-08-19 17:47:40,1629391660000,9.509319305419922,283.0
10,Bin 0,2021-08-19 17:47:43,1629391663000,9.797595977783203,286.0
10,Bin 0,2021-08-19 17:47:46,1629391666000,10.770177841186523,289.0
10,Bin 0,2021-08-19 17:47:49,1629391669000,10.636556625366213,292.0
10,Bin 0,2021-08-19 17:47:52,1629391672000,12.455403327941895,295.0
10,Bin 0,2021-08-19 17:47:55,1629391675000,9.598052024841307,298.0
10,Bin 0,2021-08-19 17:47:58,1629391678000,9.961548805236816,301.0
10,Bin 0,2021-08-19 17:48:01,1629391681000,11.981483459472654,304.0
10,Bin 0,2021-08-19 17:48:04,1629391684000,9.649847984313963,307.0
10,Bin 0,2021-08-19 17:48:07,1629391687000,9.199469566345217,310.0
10,Bin 0,2021-08-19 17:48:10,1629391690000,14.066709518432615,313.0
10,Bin 0,2021-08-19 17:48:13,1629391693000,9.557945251464844,316.0
10,Bin 0,2021-08-19 17:48:16,1629391696000,10.75268840789795,319.0
10,Bin 0,2021-08-19 17:48:19,1629391699000,10.526315689086914,322.0
10,Bin 0,2021-08-19 17:48:22,1629391702000,10.935481071472168,325.0
10,Bin 0,2021-08-19 17:48:24,1629391704000,10.248462677001953,327.0
10,Bin 0,2021-08-19 17:48:27,1629391707000,11.78828239440918,330.0
10,Bin 0,2021-08-19 17:48:30,1629391710000,11.205899238586426,333.0
10,Bin 0,2021-08-19 17:48:33,1629391713000,8.309098243713379,336.0
10,Bin 0,2021-08-19 17:48:35,1629391715000,9.065750122070312,338.0
10,Bin 0,2021-08-19 17:48:39,1629391719000,9.216286659240724,342.0
10,Bin 0,2021-08-19 17:48:42,1629391722000,13.437755584716795,345.0
10,Bin 0,2021-08-19 17:48:44,1629391724000,12.771391868591307,347.0
10,Bin 0,2021-08-19 17:48:47,1629391727000,12.875536918640135,350.0
10,Bin 0,2021-08-19 17:48:50,1629391730000,11.38560676574707,353.0
10,Bin 0,2021-08-19 17:48:53,1629391733000,13.795902252197266,356.0
10,Bin 0,2021-08-19 17:48:56,1629391736000,10.526315689086914,359.0
10,Bin 0,2021-08-19 17:48:59,1629391739000,11.6951322555542,362.0
10,Bin 0,2021-08-19 17:49:02,1629391742000,10.867782592773438,365.0
10,Bin 0,2021-08-19 17:49:04,1629391744000,11.949390411376953,367.0
10,Bin 0,2021-08-19 17:49:08,1629391748000,10.436179161071776,371.0
10,Bin 0,2021-08-19 17:49:11,1629391751000,9.914566040039062,374.0
10,Bin 0,2021-08-19 17:49:14,1629391754000,9.202223777770996,377.0
10,Bin 0,2021-08-19 17:49:17,1629391757000,10.57082462310791,380.0
10,Bin 0,2021-08-19 17:49:19,1629391759000,6.354532241821289,382.0
10,Bin 0,2021-08-19 17:49:22,1629391762000,11.599872589111328,385.0
10,Bin 0,2021-08-19 17:49:25,1629391765000,11.314777374267578,388.0
10,Bin 0,2021-08-19 17:49:28,1629391768000,10.22494888305664,391.0
10,Bin 0,2021-08-19 17:49:31,1629391771000,12.295082092285154,394.0
10,Bin 0,2021-08-19 17:49:34,1629391774000,9.610343933105467,397.0
10,Bin 0,2021-08-19 17:49:36,1629391776000,10.570359230041504,399.0
10,Bin 0,2021-08-19 17:49:39,1629391779000,9.421331405639648,402.0
10,Bin 0,2021-08-19 17:49:42,1629391782000,9.907026290893556,405.0
10,Bin 0,2021-08-19 17:49:44,1629391784000,8.016032218933105,407.0
10,Bin 0,2021-08-19 17:49:47,1629391787000,8.714596748352049,410.0
10,Bin 0,2021-08-19 17:49:50,1629391790000,10.510744094848633,413.0
10,Bin 0,2021-08-19 17:49:53,1629391793000,8.410429000854492,416.0
10,Bin 0,2021-08-19 17:49:55,1629391795000,12.483240127563475,418.0
10,Bin 0,2021-08-19 17:49:58,1629391798000,8.633224487304688,421.0
10,Bin 0,2021-08-19 17:50:01,1629391801000,8.519912719726562,424.0
10,Bin 0,2021-08-19 17:50:04,1629391804000,11.282702445983887,427.0
10,Bin 0,2021-08-19 17:50:08,1629391808000,8.541831970214844,431.0
10,Bin 0,2021-08-19 17:50:11,1629391811000,11.56926155090332,434.0
10,Bin 0,2021-08-19 17:50:13,1629391813000,9.9360933303833,436.0
10,Bin 0,2021-08-19 17:50:16,1629391816000,11.314587593078613,439.0
10,Bin 0,2021-08-19 17:50:19,1629391819000,8.861990928649902,442.0
10,Bin 0,2021-08-19 17:50:22,1629391822000,12.446958541870115,445.0
10,Bin 0,2021-08-19 17:50:25,1629391825000,8.705936431884767,448.0
10,Bin 0,2021-08-19 17:50:28,1629391828000,9.164535522460938,451.0
10,Bin 0,2021-08-19 17:50:31,1629391831000,9.481158256530762,454.0
10,Bin 0,2021-08-19 17:50:35,1629391835000,7.599152565002441,458.00000000000006
10,Bin 0,2021-08-19 17:50:38,1629391838000,9.145341873168944,461.00000000000006
10,Bin 0,2021-08-19 17:50:41,1629391841000,11.598647117614744,464.00000000000006
10,Bin 0,2021-08-19 17:50:44,1629391844000,8.844202041625977,467.00000000000006
10,Bin 0,2021-08-19 17:50:47,1629391847000,9.33184051513672,470.00000000000006
10,Bin 0,2021-08-19 17:50:50,1629391850000,10.231185913085938,473.00000000000006
10,Bin 0,2021-08-19 17:50:53,1629391853000,10.627427101135254,476.00000000000006
10,Bin 0,2021-08-19 17:50:56,1629391856000,7.074698448181152,479.00000000000006
10,Bin 0,2021-08-19 17:50:59,1629391859000,6.5623741149902335,482.00000000000006
10,Bin 0,2021-08-19 17:51:02,1629391862000,10.08360195159912,485.00000000000006
10,Bin 0,2021-08-19 17:51:05,1629391865000,10.55297565460205,488.00000000000006
10,Bin 0,2021-08-19 17:51:08,1629391868000,9.180046081542967,491.00000000000006
10,Bin 0,2021-08-19 17:51:11,1629391871000,8.62385368347168,494.00000000000006
10,Bin 0,2021-08-19 17:51:15,1629391875000,7.378129005432129,498.00000000000006
10,Bin 0,2021-08-19 17:51:17,1629391877000,10.015793800354004,500.00000000000006
10,Bin 0,2021-08-19 17:51:20,1629391880000,6.396345138549805,503.00000000000006
10,Bin 0,2021-08-19 17:51:23,1629391883000,9.952370643615724,506.00000000000006
10,Bin 0,2021-08-19 17:51:26,1629391886000,7.672935962677003,509.00000000000006
10,Bin 0,2021-08-19 17:51:30,1629391890000,8.030303001403809,513.0
10,Bin 0,2021-08-19 17:51:33,1629391893000,8.207070350646973,516.0
10,Bin 0,2021-08-19 17:51:36,1629391896000,11.374654769897461,519.0
10,Bin 0,2021-08-19 17:51:40,1629391900000,6.701188087463379,523.0
10,Bin 0,2021-08-19 17:51:43,1629391903000,5.8141865730285645,526.0
10,Bin 0,2021-08-19 17:51:46,1629391906000,9.070294380187988,529.0
10,Bin 0,2021-08-19 17:51:49,1629391909000,7.937743186950684,532.0
10,Bin 0,2021-08-19 17:51:52,1629391912000,8.354218482971191,535.0
10,Bin 0,2021-08-19 17:51:56,1629391916000,7.421578884124756,539.0
10,Bin 0,2021-08-19 17:51:59,1629391919000,7.937679767608643,542.0
10,Bin 0,2021-08-19 17:52:02,1629391922000,6.3944458961486825,545.0
10,Bin 0,2021-08-19 17:52:04,1629391924000,7.2598209381103525,547.0
10,Bin 0,2021-08-19 17:52:07,1629391927000,8.281223297119139,550.0
10,Bin 0,2021-08-19 17:52:10,1629391930000,6.704582214355469,553.0
10,Bin 0,2021-08-19 17:52:13,1629391933000,7.640449523925781,556.0
10,Bin 0,2021-08-19 17:52:16,1629391936000,10.232481956481934,559.0
10,Bin 0,2021-08-19 17:52:19,1629391939000,8.051148414611816,562.0
10,Bin 0,2021-08-19 17:52:22,1629391942000,8.168822288513184,565.0
10,Bin 0,2021-08-19 17:52:25,1629391945000,9.083477020263672,568.0
10,Bin 0,2021-08-19 17:52:28,1629391948000,9.087669372558594,571.0
10,Bin 0,2021-08-19 17:52:31,1629391951000,10.245902061462402,574.0
10,Bin 0,2021-08-19 17:52:34,1629391954000,8.455127716064451,577.0
10,Bin 0,2021-08-19 17:52:37,1629391957000,8.288906097412111,580.0
10,Bin 0,2021-08-19 17:52:40,1629391960000,5.063291072845459,583.0
10,Bin 0,2021-08-19 17:52:42,1629391962000,7.460493087768555,585.0
10,Bin 0,2021-08-19 17:52:45,1629391965000,7.920409679412843,588.0
10,Bin 0,2021-08-19 17:52:49,1629391969000,7.037067413330077,592.0
10,Bin 0,2021-08-19 17:52:51,1629391971000,8.979554176330566,594.0
10,Bin 0,2021-08-19 17:52:54,1629391974000,6.811326026916504,597.0
10,Bin 0,2021-08-19 17:52:57,1629391977000,6.304176330566406,600.0
10,Bin 0,2021-08-19 17:52:59,1629391979000,6.533278942108153,602.0
10,Bin 0,2021-08-19 17:53:02,1629391982000,10.04586124420166,605.0
10,Bin 0,2021-08-19 17:53:05,1629391985000,9.389487266540527,608.0
10,Bin 0,2021-08-19 17:53:08,1629391988000,9.402146339416504,611.0
10,Bin 0,2021-08-19 17:53:10,1629391990000,5.702879905700684,613.0
10,Bin 0,2021-08-19 17:53:13,1629391993000,7.852292060852051,616.0
10,Bin 0,2021-08-19 17:53:16,1629391996000,6.94444465637207,619.0
10,Bin 0,2021-08-19 17:53:19,1629391999000,8.100351333618164,622.0
10,Bin 0,2021-08-19 17:53:21,1629392001000,6.722689151763916,624.0
10,Bin 0,2021-08-19 17:53:24,1629392004000,4.845165252685547,627.0
10,Bin 0,2021-08-19 17:53:27,1629392007000,11.410268783569336,630.0
10,Bin 0,2021-08-19 17:53:30,1629392010000,8.43881893157959,633.0
10,Bin 0,2021-08-19 17:53:33,1629392013000,8.72438907623291,636.0
10,Bin 0,2021-08-19 17:53:36,1629392016000,8.602150917053223,639.0
10,Bin 0,2021-08-19 17:53:38,1629392018000,6.052790641784668,641.0
10,Bin 0,2021-08-19 17:53:41,1629392021000,5.964730262756348,644.0
10,Bin 0,2021-08-19 17:53:43,1629392023000,5.895924091339111,646.0
10,Bin 0,2021-08-19 17:53:46,1629392026000,6.702974319458008,649.0
10,Bin 0,2021-08-19 17:53:49,1629392029000,8.516118049621582,652.0
10,Bin 0,2021-08-19 17:53:52,1629392032000,8.97446346282959,655.0
10,Bin 0,2021-08-19 17:53:54,1629392034000,5.497800827026367,657.0
10,Bin 0,2021-08-19 17:53:57,1629392037000,8.668730735778809,660.0
10,Bin 0,2021-08-19 17:53:59,1629392039000,6.905907154083253,662.0
10,Bin 0,2021-08-19 17:54:02,1629392042000,5.144032955169678,665.0
10,Bin 0,2021-08-19 17:54:04,1629392044000,5.198180675506592,667.0
10,Bin 0,2021-08-19 17:54:08,1629392048000,6.314303874969482,671.0
10,Bin 0,2021-08-19 17:54:11,1629392051000,6.803602695465088,674.0
10,Bin 0,2021-08-19 17:54:14,1629392054000,5.252652645111084,677.0
10,Bin 0,2021-08-19 17:54:16,1629392056000,6.630693435668945,679.0
10,Bin 0,2021-08-19 17:54:19,1629392059000,6.240099906921388,682.0
10,Bin 0,2021-08-19 17:54:22,1629392062000,8.573620796203612,685.0
10,Bin 0,2021-08-19 17:54:24,1629392064000,9.372071266174316,687.0
10,Bin 0,2021-08-19 17:54:28,1629392068000,8.311477661132812,691.0
10,Bin 0,2021-08-19 17:54:30,1629392070000,6.287257671356201,693.0
10,Bin 0,2021-08-19 17:54:33,1629392073000,6.733035087585449,696.0
10,Bin 0,2021-08-19 17:54:35,1629392075000,6.781193256378174,698.0
10,Bin 0,2021-08-19 17:54:38,1629392078000,6.572221279144287,701.0
10,Bin 0,2021-08-19 17:54:40,1629392080000,7.0045528411865225,703.0
10,Bin 0,2021-08-19 17:54:43,1629392083000,5.08351469039917,706.0
10,Bin 0,2021-08-19 17:54:46,1629392086000,6.329707622528076,709.0
10,Bin 0,2021-08-19 17:54:49,1629392089000,7.7556376457214355,712.0
10,Bin 0,2021-08-19 17:54:51,1629392091000,7.6117591857910165,714.0
10,Bin 0,2021-08-19 17:54:54,1629392094000,5.5062289237976065,717.0
10,Bin 0,2021-08-19 17:54:57,1629392097000,6.37845516204834,720.0
10,Bin 0,2021-08-19 17:54:59,1629392099000,5.238344669342041,722.0
10,Bin 0,2021-08-19 17:55:02,1629392102000,4.668049812316895,725.0
10,Bin 0,2021-08-19 17:55:04,1629392104000,8.668730735778809,727.0
10,Bin 0,2021-08-19 17:55:08,1629392108000,7.122617244720459,731.0
10,Bin 0,2021-08-19 17:55:11,1629392111000,6.5127830505371085,734.0
10,Bin 0,2021-08-19 17:55:14,1629392114000,10.015793800354004,737.0
10,Bin 0,2021-08-19 17:55:18,1629392118000,7.880643844604492,741.0
10,Bin 0,2021-08-19 17:55:20,1629392120000,7.113387584686278,743.0
10,Bin 0,2021-08-19 17:55:23,1629392123000,6.590716361999513,746.0
10,Bin 0,2021-08-19 17:55:26,1629392126000,8.119189262390138,749.0
10,Bin 0,2021-08-19 17:55:29,1629392129000,5.645161151885986,752.0
10,Bin 0,2021-08-19 17:55:32,1629392132000,6.459948539733888,755.0
10,Bin 0,2021-08-19 17:55:35,1629392135000,8.764242172241211,758.0
10,Bin 0,2021-08-19 17:55:37,1629392137000,5.8479533195495605,760.0
10,Bin 0,2021-08-19 17:55:40,1629392140000,7.159079551696777,763.0
10,Bin 0,2021-08-19 17:55:42,1629392142000,5.047445774078369,765.0
10,Bin 0,2021-08-19 17:55:45,1629392145000,4.5183444023132315,768.0
10,Bin 0,2021-08-19 17:55:48,1629392148000,6.206644535064697,771.0
10,Bin 0,2021-08-19 17:55:51,1629392151000,8.658008575439451,774.0
10,Bin 0,2021-08-19 17:55:54,1629392154000,7.146941184997559,777.0
10,Bin 0,2021-08-19 17:55:56,1629392156000,5.340583801269531,779.0
10,Bin 0,2021-08-19 17:55:59,1629392159000,5.87544059753418,782.0
10,Bin 0,2021-08-19 17:56:02,1629392162000,5.184673309326172,785.0
10,Bin 0,2021-08-19 17:56:04,1629392164000,6.591958045959473,787.0
10,Bin 0,2021-08-19 17:56:07,1629392167000,6.187668323516847,790.0
10,Bin 0,2021-08-19 17:56:10,1629392170000,6.504438400268555,793.0
10,Bin 0,2021-08-19 17:56:13,1629392173000,6.3553338050842285,796.0
10,Bin 0,2021-08-19 17:56:16,1629392176000,8.404244422912598,799.0
10,Bin 0,2021-08-19 17:56:19,1629392179000,5.59234094619751,802.0
10,Bin 0,2021-08-19 17:56:21,1629392181000,8.966861724853516,804.0
10,Bin 0,2021-08-19 17:56:24,1629392184000,5.645507335662843,807.0
10,Bin 0,2021-08-19 17:56:27,1629392187000,6.033602714538574,810.0
10,Bin 0,2021-08-19 17:56:29,1629392189000,7.090187072753906,812.0
10,Bin 0,2021-08-19 17:56:32,1629392192000,5.7884016036987305,815.0
10,Bin 0,2021-08-19 17:56:35,1629392195000,4.384566307067871,818.0
10,Bin 0,2021-08-19 17:56:38,1629392198000,7.699386119842528,821.0
10,Bin 0,2021-08-19 17:56:41,1629392201000,7.613638877868652,824.0
10,Bin 0,2021-08-19 17:56:44,1629392204000,9.239108085632324,827.0
10,Bin 0,2021-08-19 17:56:47,1629392207000,8.110748291015625,830.0
10,Bin 0,2021-08-19 17:56:49,1629392209000,4.602713108062744,832.0
10,Bin 0,2021-08-19 17:56:52,1629392212000,6.5204505920410165,835.0
10,Bin 0,2021-08-19 17:56:55,1629392215000,8.452291488647461,838.0
10,Bin 0,2021-08-19 17:56:58,1629392218000,5.6185264587402335,841.0
10,Bin 0,2021-08-19 17:57:00,1629392220000,6.9621100425720215,843.0
10,Bin 0,2021-08-19 17:57:03,1629392223000,6.077048301696777,846.0
10,Bin 0,2021-08-19 17:57:05,1629392225000,3.8435914516448975,848.0
10,Bin 0,2021-08-19 17:57:08,1629392228000,6.36822509765625,851.0
10,Bin 0,2021-08-19 17:57:11,1629392231000,5.8183183670043945,854.0
10,Bin 0,2021-08-19 17:57:14,1629392234000,7.600345134735107,857.0
10,Bin 0,2021-08-19 17:57:17,1629392237000,5.163511276245117,860.0
10,Bin 0,2021-08-19 17:57:20,1629392240000,6.506785869598389,863.0
10,Bin 0,2021-08-19 17:57:24,1629392244000,4.69890832901001,867.0
10,Bin 0,2021-08-19 17:57:27,1629392247000,7.025761127471924,870.0
10,Bin 0,2021-08-19 17:57:29,1629392249000,7.228915691375732,872.0
10,Bin 0,2021-08-19 17:57:33,1629392253000,7.921538829803468,876.0
10,Bin 0,2021-08-19 17:57:35,1629392255000,5.3012046813964835,878.0
10,Bin 0,2021-08-19 17:57:38,1629392258000,6.361680030822754,881.0
10,Bin 0,2021-08-19 17:57:42,1629392262000,6.128641605377197,885.0
10,Bin 0,2021-08-19 17:57:44,1629392264000,8.944543838500977,887.0
10,Bin 0,2021-08-19 17:57:48,1629392268000,5.7265567779541025,891.0
10,Bin 0,2021-08-19 17:57:51,1629392271000,5.915409564971924,894.0
10,Bin 0,2021-08-19 17:57:54,1629392274000,4.821779727935791,897.0
10,Bin 0,2021-08-19 17:57:57,1629392277000,6.861063480377197,900.0
10,Bin 0,2021-08-19 17:58:00,1629392280000,6.40773868560791,903.0
10,Bin 0,2021-08-19 17:58:03,1629392283000,7.719298362731934,906.0
10,Bin 0,2021-08-19 17:58:05,1629392285000,4.964539051055908,908.0
10,Bin 0,2021-08-19 17:58:08,1629392288000,8.080807685852049,911.0
10,Bin 0,2021-08-19 17:58:11,1629392291000,5.906137943267822,914.0000000000001
10,Bin 0,2021-08-19 17:58:14,1629392294000,7.283482074737549,917.0000000000001
10,Bin 0,2021-08-19 17:58:17,1629392297000,7.0865983963012695,920.0000000000001
10,Bin 0,2021-08-19 17:58:19,1629392299000,5.76655912399292,922.0000000000001
10,Bin 0,2021-08-19 17:58:22,1629392302000,7.407407283782959,925.0000000000001
10,Bin 0,2021-08-19 17:58:25,1629392305000,6.588700294494629,928.0000000000001
10,Bin 0,2021-08-19 17:58:27,1629392307000,5.944215774536133,930.0000000000001
10,Bin 0,2021-08-19 17:58:30,1629392310000,7.8787879943847665,933.0000000000001
10,Bin 0,2021-08-19 17:58:33,1629392313000,7.257049083709718,936.0000000000001
10,Bin 0,2021-08-19 17:58:36,1629392316000,4.671748161315918,939.0000000000001
10,Bin 0,2021-08-19 17:58:38,1629392318000,4.8019208908081055,941.0000000000001
10,Bin 0,2021-08-19 17:58:41,1629392321000,6.844626903533936,944.0000000000001
10,Bin 0,2021-08-19 17:58:44,1629392324000,7.412898540496826,947.0000000000001
10,Bin 0,2021-08-19 17:58:46,1629392326000,5.040080547332764,949.0000000000001
10,Bin 0,2021-08-19 17:58:49,1629392329000,7.070819854736327,952.0000000000001
10,Bin 0,2021-08-19 17:58:52,1629392332000,7.6217942237854,955.0000000000001
10,Bin 0,2021-08-19 17:58:55,1629392335000,5.0605058670043945,958.0000000000001
10,Bin 0,2021-08-19 17:58:57,1629392337000,5.387930870056152,960.0000000000001
10,Bin 0,2021-08-19 17:59:00,1629392340000,5.2805280685424805,963.0000000000001
10,Bin 0,2021-08-19 17:59:03,1629392343000,7.232860088348389,966.0000000000001
10,Bin 0,2021-08-19 17:59:06,1629392346000,5.313398838043213,969.0000000000001
10,Bin 0,2021-08-19 17:59:09,1629392349000,7.363770484924316,972.0000000000001
10,Bin 0,2021-08-19 17:59:12,1629392352000,4.659470558166504,975.0000000000001
10,Bin 0,2021-08-19 17:59:14,1629392354000,5.735947132110597,977.0000000000001
10,Bin 0,2021-08-19 17:59:17,1629392357000,4.5805206298828125,980.0000000000001
10,Bin 0,2021-08-19 17:59:20,1629392360000,5.283042907714844,983.0000000000001
10,Bin 0,2021-08-19 17:59:23,1629392363000,8.016032218933105,986.0000000000001
10,Bin 0,2021-08-19 17:59:26,1629392366000,5.509245872497559,989.0000000000001
10,Bin 0,2021-08-19 17:59:29,1629392369000,5.384408473968506,992.0000000000001
10,Bin 0,2021-08-19 17:59:32,1629392372000,4.438874244689941,995.0000000000001
10,Bin 0,2021-08-19 17:59:34,1629392374000,4.738053321838379,997.0000000000001
10,Bin 0,2021-08-19 17:59:37,1629392377000,6.387055397033691,1000.0000000000001
10,Bin 0,2021-08-19 17:59:39,1629392379000,4.480286598205566,1002.0000000000001
10,Bin 0,2021-08-19 17:59:42,1629392382000,4.681302070617676,1005.0000000000001
10,Bin 0,2021-08-19 17:59:44,1629392384000,6.417112350463867,1007.0000000000001
10,Bin 0,2021-08-19 17:59:47,1629392387000,5.64793062210083,1010.0000000000001
10,Bin 0,2021-08-19 17:59:50,1629392390000,7.283464431762695,1013.0000000000001
10,Bin 0,2021-08-19 17:59:53,1629392393000,6.9257264137268075,1016.0000000000001
10,Bin 0,2021-08-19 17:59:56,1629392396000,7.001018524169923,1019.0000000000001
10,Bin 0,2021-08-19 17:59:59,1629392399000,3.1655588150024414,1022.0000000000001
10,Bin 0,2021-08-19 18:00:01,1629392401000,3.48215389251709,1024.0
10,Bin 0,2021-08-19 18:00:04,1629392404000,6.885697364807129,1027.0
10,Bin 0,2021-08-19 18:00:07,1629392407000,8.08854866027832,1030.0
10,Bin 0,2021-08-19 18:00:10,1629392410000,5.751437664031982,1033.0
10,Bin 0,2021-08-19 18:00:13,1629392413000,5.7504310607910165,1036.0
10,Bin 0,2021-08-19 18:00:16,1629392416000,6.848487377166747,1039.0
10,Bin 0,2021-08-19 18:00:19,1629392419000,3.556910514831543,1042.0
10,Bin 0,2021-08-19 18:00:21,1629392421000,5.125701904296875,1044.0
10,Bin 0,2021-08-19 18:00:25,1629392425000,6.705446720123291,1048.0
10,Bin 0,2021-08-19 18:00:28,1629392428000,4.944511413574219,1051.0
10,Bin 0,2021-08-19 18:00:31,1629392431000,5.557728290557861,1054.0
10,Bin 0,2021-08-19 18:00:34,1629392434000,6.312044620513916,1057.0
10,Bin 0,2021-08-19 18:00:37,1629392437000,7.081120491027832,1060.0
10,Bin 0,2021-08-19 18:00:40,1629392440000,6.837139129638673,1063.0
10,Bin 0,2021-08-19 18:00:44,1629392444000,6.060606002807617,1067.0
10,Bin 0,2021-08-19 18:00:47,1629392447000,6.06748628616333,1070.0
10,Bin 0,2021-08-19 18:00:49,1629392449000,4.512395858764648,1072.0
10,Bin 0,2021-08-19 18:00:52,1629392452000,4.193201541900635,1075.0
10,Bin 0,2021-08-19 18:00:54,1629392454000,5.411255359649658,1077.0
10,Bin 0,2021-08-19 18:00:57,1629392457000,3.614457845687866,1080.0
10,Bin 0,2021-08-19 18:00:59,1629392459000,5.7740888595581055,1082.0
10,Bin 0,2021-08-19 18:01:02,1629392462000,3.676663637161255,1085.0
10,Bin 0,2021-08-19 18:01:04,1629392464000,4.031241893768311,1087.0
10,Bin 0,2021-08-19 18:01:08,1629392468000,5.6991519927978525,1091.0
10,Bin 0,2021-08-19 18:01:11,1629392471000,3.377047300338745,1094.0
10,Bin 0,2021-08-19 18:01:14,1629392474000,6.96555233001709,1097.0
10,Bin 0,2021-08-19 18:01:16,1629392476000,5.111354351043701,1099.0
10,Bin 0,2021-08-19 18:01:19,1629392479000,5.107774257659912,1102.0
10,Bin 0,2021-08-19 18:01:21,1629392481000,6.061877727508545,1104.0
10,Bin 0,2021-08-19 18:01:24,1629392484000,4.642956733703613,1107.0
10,Bin 0,2021-08-19 18:01:27,1629392487000,4.9631309509277335,1110.0
10,Bin 0,2021-08-19 18:01:29,1629392489000,3.8248231410980233,1112.0
10,Bin 0,2021-08-19 18:01:32,1629392492000,4.507550239562988,1115.0
10,Bin 0,2021-08-19 18:01:35,1629392495000,3.974230289459229,1118.0
10,Bin 0,2021-08-19 18:01:38,1629392498000,5.985783576965332,1121.0
10,Bin 0,2021-08-19 18:01:41,1629392501000,2.9239766597747803,1124.0
10,Bin 0,2021-08-19 18:01:44,1629392504000,6.761325359344482,1127.0
10,Bin 0,2021-08-19 18:01:46,1629392506000,6.007342338562013,1129.0
10,Bin 0,2021-08-19 18:01:49,1629392509000,5.879946708679199,1132.0
10,Bin 0,2021-08-19 18:01:51,1629392511000,3.4612340927124023,1134.0
10,Bin 0,2021-08-19 18:01:54,1629392514000,4.467576503753662,1137.0
10,Bin 0,2021-08-19 18:01:57,1629392517000,9.102008819580078,1140.0
10,Bin 0,2021-08-19 18:01:59,1629392519000,4.434917449951172,1142.0
10,Bin 0,2021-08-19 18:02:02,1629392522000,4.231013298034668,1145.0
10,Bin 0,2021-08-19 18:02:05,1629392525000,4.639001369476318,1148.0
10,Bin 0,2021-08-19 18:02:08,1629392528000,4.365126132965088,1151.0
10,Bin 0,2021-08-19 18:02:11,1629392531000,4.458746910095215,1154.0
10,Bin 0,2021-08-19 18:02:14,1629392534000,5.964553356170653,1157.0
10,Bin 0,2021-08-19 18:02:17,1629392537000,5.597313404083252,1160.0
10,Bin 0,2021-08-19 18:02:20,1629392540000,6.693711757659912,1163.0
10,Bin 0,2021-08-19 18:02:23,1629392543000,5.010737419128418,1166.0
10,Bin 0,2021-08-19 18:02:25,1629392545000,4.757612228393555,1168.0
10,Bin 0,2021-08-19 18:02:28,1629392548000,5.989583492279053,1171.0
10,Bin 0,2021-08-19 18:02:30,1629392550000,4.6530866622924805,1173.0
10,Bin 0,2021-08-19 18:02:33,1629392553000,4.566028594970703,1176.0
10,Bin 0,2021-08-19 18:02:36,1629392556000,5.4644808769226065,1179.0
10,Bin 0,2021-08-19 18:02:39,1629392559000,5.184673309326172,1182.0
10,Bin 0,2021-08-19 18:02:42,1629392562000,3.435427188873291,1185.0
10,Bin 0,2021-08-19 18:02:44,1629392564000,2.9380342960357666,1187.0
10,Bin 0,2021-08-19 18:02:47,1629392567000,4.219409465789795,1190.0
10,Bin 0,2021-08-19 18:02:49,1629392569000,3.9594552516937256,1192.0
10,Bin 0,2021-08-19 18:02:52,1629392572000,3.87935209274292,1195.0
10,Bin 0,2021-08-19 18:02:54,1629392574000,3.2955610752105717,1197.0
10,Bin 0,2021-08-19 18:02:57,1629392577000,6.0984063148498535,1200.0
10,Bin 0,2021-08-19 18:02:59,1629392579000,4.556039333343506,1202.0
10,Bin 0,2021-08-19 18:03:02,1629392582000,6.176529407501222,1205.0
10,Bin 0,2021-08-19 18:03:06,1629392586000,5.784445285797119,1209.0
10,Bin 0,2021-08-19 18:03:08,1629392588000,5.19544792175293,1211.0
10,Bin 0,2021-08-19 18:03:11,1629392591000,5.4229936599731445,1214.0
10,Bin 0,2021-08-19 18:03:13,1629392593000,4.0307345390319815,1216.0
10,Bin 0,2021-08-19 18:03:16,1629392596000,4.453240871429443,1219.0
10,Bin 0,2021-08-19 18:03:19,1629392599000,4.193625926971436,1222.0
10,Bin 0,2021-08-19 18:03:23,1629392603000,4.131662368774413,1226.0
10,Bin 0,2021-08-19 18:03:25,1629392605000,4.83558988571167,1228.0
10,Bin 0,2021-08-19 18:03:28,1629392608000,4.237287998199463,1231.0
10,Bin 0,2021-08-19 18:03:31,1629392611000,5.38647985458374,1234.0
10,Bin 0,2021-08-19 18:03:34,1629392614000,5.294030666351318,1237.0
10,Bin 0,2021-08-19 18:03:37,1629392617000,4.661016941070557,1240.0
10,Bin 0,2021-08-19 18:03:39,1629392619000,5.1488003730773935,1242.0
10,Bin 0,2021-08-19 18:03:42,1629392622000,3.715203046798706,1245.0
10,Bin 0,2021-08-19 18:03:45,1629392625000,5.567153930664063,1248.0
10,Bin 0,2021-08-19 18:03:48,1629392628000,4.609144687652588,1251.0
10,Bin 0,2021-08-19 18:03:51,1629392631000,5.532503604888916,1254.0
10,Bin 0,2021-08-19 18:03:54,1629392634000,4.795396327972412,1257.0
10,Bin 0,2021-08-19 18:03:57,1629392637000,4.010469436645509,1260.0
10,Bin 0,2021-08-19 18:04:00,1629392640000,4.891171455383301,1263.0
10,Bin 0,2021-08-19 18:04:03,1629392643000,3.8696167469024663,1266.0
10,Bin 0,2021-08-19 18:04:05,1629392645000,5.244525909423828,1268.0
10,Bin 0,2021-08-19 18:04:08,1629392648000,5.883434295654298,1271.0
10,Bin 0,2021-08-19 18:04:11,1629392651000,3.18444299697876,1274.0
10,Bin 0,2021-08-19 18:04:14,1629392654000,5.196523189544678,1277.0
10,Bin 0,2021-08-19 18:04:16,1629392656000,3.4255599975585938,1279.0
10,Bin 0,2021-08-19 18:04:19,1629392659000,3.9215686321258554,1282.0
10,Bin 0,2021-08-19 18:04:24,1629392664000,4.04448938369751,1287.0
10,Bin 0,2021-08-19 18:04:27,1629392667000,3.5511362552642822,1290.0
10,Bin 0,2021-08-19 18:04:30,1629392670000,3.276209592819214,1293.0
10,Bin 0,2021-08-19 18:04:33,1629392673000,4.160266399383545,1296.0
10,Bin 0,2021-08-19 18:04:37,1629392677000,4.426229476928711,1300.0
10,Bin 0,2021-08-19 18:04:39,1629392679000,3.6099452972412114,1302.0
10,Bin 0,2021-08-19 18:04:42,1629392682000,2.704530000686645,1305.0
10,Bin 0,2021-08-19 18:04:45,1629392685000,4.596700191497803,1308.0
10,Bin 0,2021-08-19 18:04:47,1629392687000,3.8187372684478764,1310.0
10,Bin 0,2021-08-19 18:04:50,1629392690000,3.180492877960205,1313.0
10,Bin 0,2021-08-19 18:04:53,1629392693000,3.7925305366516113,1316.0
10,Bin 0,2021-08-19 18:04:56,1629392696000,5.043900489807129,1319.0
10,Bin 0,2021-08-19 18:04:58,1629392698000,3.829787254333496,1321.0
10,Bin 0,2021-08-19 18:05:01,1629392701000,4.60174036026001,1324.0
10,Bin 0,2021-08-19 18:05:04,1629392704000,2.623638868331909,1327.0
10,Bin 0,2021-08-19 18:05:07,1629392707000,5.057401657104492,1330.0
10,Bin 0,2021-08-19 18:05:10,1629392710000,2.81894326210022,1333.0
10,Bin 0,2021-08-19 18:05:12,1629392712000,2.425477266311645,1335.0
10,Bin 0,2021-08-19 18:05:15,1629392715000,4.16107988357544,1338.0
10,Bin 0,2021-08-19 18:05:18,1629392718000,4.6315789222717285,1341.0
10,Bin 0,2021-08-19 18:05:20,1629392720000,2.1478688716888428,1343.0
10,Bin 0,2021-08-19 18:05:23,1629392723000,4.0264854431152335,1346.0
10,Bin 0,2021-08-19 18:05:26,1629392726000,2.2545089721679688,1349.0
10,Bin 0,2021-08-19 18:05:28,1629392728000,3.5263125896453857,1351.0
10,Bin 0,2021-08-19 18:05:31,1629392731000,3.4846675395965576,1354.0
10,Bin 0,2021-08-19 18:05:34,1629392734000,6.0314884185791025,1357.0
10,Bin 0,2021-08-19 18:05:36,1629392736000,4.491555690765381,1359.0
10,Bin 0,2021-08-19 18:05:39,1629392739000,5.602241039276123,1362.0
10,Bin 0,2021-08-19 18:05:42,1629392742000,4.661154270172119,1365.0
10,Bin 0,2021-08-19 18:05:45,1629392745000,3.5365092754364014,1368.0
10,Bin 0,2021-08-19 18:05:48,1629392748000,3.9151201248168954,1371.0
10,Bin 0,2021-08-19 18:05:50,1629392750000,2.4196670055389404,1373.0
10,Bin 0,2021-08-19 18:05:53,1629392753000,3.2743942737579346,1376.0
10,Bin 0,2021-08-19 18:05:55,1629392755000,5.27498722076416,1378.0
10,Bin 0,2021-08-19 18:05:59,1629392759000,5.186201572418213,1382.0
10,Bin 0,2021-08-19 18:06:01,1629392761000,3.6559140682220463,1384.0
10,Bin 0,2021-08-19 18:06:04,1629392764000,3.9719316959381104,1387.0
10,Bin 0,2021-08-19 18:06:07,1629392767000,3.0181086063385014,1390.0
10,Bin 0,2021-08-19 18:06:10,1629392770000,5.102040767669678,1393.0
10,Bin 0,2021-08-19 18:06:13,1629392773000,4.421801567077637,1396.0
10,Bin 0,2021-08-19 18:06:16,1629392776000,4.419090270996094,1399.0
10,Bin 0,2021-08-19 18:06:19,1629392779000,4.5388526916503915,1402.0
10,Bin 0,2021-08-19 18:06:22,1629392782000,5.1816935539245605,1405.0
10,Bin 0,2021-08-19 18:06:26,1629392786000,3.8837363719940186,1409.0
10,Bin 0,2021-08-19 18:06:29,1629392789000,3.089280128479004,1412.0
10,Bin 0,2021-08-19 18:06:33,1629392793000,4.3172569274902335,1416.0
10,Bin 0,2021-08-19 18:06:36,1629392796000,3.7815461158752437,1419.0
10,Bin 0,2021-08-19 18:06:38,1629392798000,1.8193632364273071,1421.0
10,Bin 0,2021-08-19 18:06:41,1629392801000,4.413549423217773,1424.0
10,Bin 0,2021-08-19 18:06:44,1629392804000,4.190081596374512,1427.0
10,Bin 0,2021-08-19 18:06:47,1629392807000,3.2025318145751958,1430.0
10,Bin 0,2021-08-19 18:06:50,1629392810000,3.8087036609649663,1433.0
10,Bin 0,2021-08-19 18:06:53,1629392813000,4.5525336265563965,1436.0
10,Bin 0,2021-08-19 18:06:55,1629392815000,3.8248231410980233,1438.0
10,Bin 0,2021-08-19 18:06:58,1629392818000,4.871333122253418,1441.0
10,Bin 0,2021-08-19 18:07:02,1629392822000,4.1797285079956055,1445.0
10,Bin 0,2021-08-19 18:07:05,1629392825000,4.918838977813722,1448.0
10,Bin 0,2021-08-19 18:07:08,1629392828000,3.994217872619629,1451.0
10,Bin 0,2021-08-19 18:07:11,1629392831000,3.853861570358277,1454.0
10,Bin 0,2021-08-19 18:07:13,1629392833000,3.39443302154541,1456.0
10,Bin 0,2021-08-19 18:07:16,1629392836000,3.004958152770996,1459.0
10,Bin 0,2021-08-19 18:07:18,1629392838000,3.923740863800049,1461.0
10,Bin 0,2021-08-19 18:07:22,1629392842000,3.090416669845581,1465.0
10,Bin 0,2021-08-19 18:07:25,1629392845000,4.970179080963135,1468.0
10,Bin 0,2021-08-19 18:07:28,1629392848000,4.395688533782959,1471.0
10,Bin 0,2021-08-19 18:07:31,1629392851000,4.2393412590026855,1474.0
10,Bin 0,2021-08-19 18:07:34,1629392854000,2.944079875946045,1477.0
10,Bin 0,2021-08-19 18:07:37,1629392857000,3.57206654548645,1480.0
10,Bin 0,2021-08-19 18:07:40,1629392860000,3.797743082046509,1483.0
10,Bin 0,2021-08-19 18:07:43,1629392863000,3.256324052810669,1486.0
10,Bin 0,2021-08-19 18:07:46,1629392866000,2.796290159225464,1489.0
10,Bin 0,2021-08-19 18:07:48,1629392868000,2.438905477523804,1491.0
10,Bin 0,2021-08-19 18:07:51,1629392871000,3.5167927742004395,1494.0
10,Bin 0,2021-08-19 18:07:54,1629392874000,3.614965915679932,1497.0
10,Bin 0,2021-08-19 18:07:57,1629392877000,2.8591480255126958,1500.0
10,Bin 0,2021-08-19 18:07:59,1629392879000,2.55623722076416,1502.0
10,Bin 0,2021-08-19 18:08:02,1629392882000,2.8534741401672363,1505.0
10,Bin 0,2021-08-19 18:08:05,1629392885000,3.0232558250427246,1508.0
10,Bin 0,2021-08-19 18:08:08,1629392888000,3.2873623371124268,1511.0
10,Bin 0,2021-08-19 18:08:11,1629392891000,3.4147517681121826,1514.0
10,Bin 0,2021-08-19 18:08:14,1629392894000,3.075740098953247,1517.0
10,Bin 0,2021-08-19 18:08:17,1629392897000,5.540984630584717,1520.0
10,Bin 0,2021-08-19 18:08:20,1629392900000,4.37778377532959,1523.0
10,Bin 0,2021-08-19 18:08:24,1629392904000,3.728813648223877,1527.0
10,Bin 0,2021-08-19 18:08:27,1629392907000,5.957446575164795,1530.0
10,Bin 0,2021-08-19 18:08:30,1629392910000,3.2868478298187256,1533.0
10,Bin 0,2021-08-19 18:08:32,1629392912000,5.382544994354248,1535.0
10,Bin 0,2021-08-19 18:08:35,1629392915000,3.3540165424346924,1538.0
10,Bin 0,2021-08-19 18:08:38,1629392918000,3.605997323989868,1541.0
10,Bin 0,2021-08-19 18:08:42,1629392922000,3.634618997573853,1545.0
10,Bin 0,2021-08-19 18:08:45,1629392925000,4.461696147918701,1548.0
10,Bin 0,2021-08-19 18:08:47,1629392927000,4.4736056327819815,1550.0
10,Bin 0,2021-08-19 18:08:51,1629392931000,3.826827764511109,1554.0
10,Bin 0,2021-08-19 18:08:54,1629392934000,3.5114824771881104,1557.0
10,Bin 0,2021-08-19 18:08:57,1629392937000,3.265306234359741,1560.0
10,Bin 0,2021-08-19 18:09:00,1629392940000,3.9021852016448975,1563.0
10,Bin 0,2021-08-19 18:09:02,1629392942000,2.47408390045166,1565.0
10,Bin 0,2021-08-19 18:09:05,1629392945000,2.68384337425232,1568.0
10,Bin 0,2021-08-19 18:09:08,1629392948000,4.182426452636719,1571.0
10,Bin 0,2021-08-19 18:09:11,1629392951000,2.6857054233551025,1574.0
10,Bin 0,2021-08-19 18:09:14,1629392954000,3.500239372253418,1577.0
10,Bin 0,2021-08-19 18:09:17,1629392957000,3.792415142059326,1580.0
10,Bin 0,2021-08-19 18:09:19,1629392959000,4.106776237487793,1582.0
10,Bin 0,2021-08-19 18:09:22,1629392962000,3.5000932216644287,1585.0
10,Bin 0,2021-08-19 18:09:25,1629392965000,2.5883042812347408,1588.0
10,Bin 0,2021-08-19 18:09:28,1629392968000,3.680601358413696,1591.0
10,Bin 0,2021-08-19 18:09:31,1629392971000,2.966005086898804,1594.0
10,Bin 0,2021-08-19 18:09:34,1629392974000,3.1897926330566406,1597.0
10,Bin 0,2021-08-19 18:09:36,1629392976000,1.1409273147583008,1599.0
10,Bin 0,2021-08-19 18:09:40,1629392980000,2.8093600273132324,1603.0
10,Bin 0,2021-08-19 18:09:42,1629392982000,3.643651008605957,1605.0
10,Bin 0,2021-08-19 18:09:45,1629392985000,2.89819073677063,1608.0
10,Bin 0,2021-08-19 18:09:48,1629392988000,3.443177461624145,1611.0
10,Bin 0,2021-08-19 18:09:51,1629392991000,3.761014461517334,1614.0
10,Bin 0,2021-08-19 18:09:54,1629392994000,2.140869140625,1617.0
10,Bin 0,2021-08-19 18:09:57,1629392997000,3.4809246063232417,1620.0
10,Bin 0,2021-08-19 18:10:01,1629393001000,4.523616313934326,1624.0
10,Bin 0,2021-08-19 18:10:04,1629393004000,3.660886287689209,1627.0
10,Bin 0,2021-08-19 18:10:07,1629393007000,2.7261250019073486,1630.0
10,Bin 0,2021-08-19 18:10:10,1629393010000,2.0292208194732666,1633.0
10,Bin 0,2021-08-19 18:10:12,1629393012000,2.110694169998169,1635.0
10,Bin 0,2021-08-19 18:10:16,1629393016000,2.680246591567993,1639.0
10,Bin 0,2021-08-19 18:10:20,1629393020000,3.690476179122925,1643.0
10,Bin 0,2021-08-19 18:10:23,1629393023000,4.035512447357179,1646.0
10,Bin 0,2021-08-19 18:10:26,1629393026000,4.752851486206055,1649.0
10,Bin 0,2021-08-19 18:10:28,1629393028000,2.662761211395264,1651.0
10,Bin 0,2021-08-19 18:10:31,1629393031000,3.691399097442627,1654.0
10,Bin 0,2021-08-19 18:10:34,1629393034000,2.5846471786499023,1657.0
10,Bin 0,2021-08-19 18:10:37,1629393037000,2.474226713180542,1660.0
10,Bin 0,2021-08-19 18:10:40,1629393040000,4.065040588378906,1663.0
10,Bin 0,2021-08-19 18:10:43,1629393043000,4.290876388549806,1666.0
10,Bin 0,2021-08-19 18:10:45,1629393045000,3.75524640083313,1668.0
10,Bin 0,2021-08-19 18:10:49,1629393049000,2.11909294128418,1672.0
10,Bin 0,2021-08-19 18:10:52,1629393052000,4.008016109466554,1675.0
10,Bin 0,2021-08-19 18:10:55,1629393055000,3.621730327606201,1678.0
10,Bin 0,2021-08-19 18:10:57,1629393057000,4.004145622253418,1680.0
10,Bin 0,2021-08-19 18:11:00,1629393060000,3.9729006290435787,1683.0
10,Bin 0,2021-08-19 18:11:03,1629393063000,4.0147743225097665,1686.0
10,Bin 0,2021-08-19 18:11:06,1629393066000,2.2200021743774414,1689.0
10,Bin 0,2021-08-19 18:11:09,1629393069000,4.386514663696288,1692.0
10,Bin 0,2021-08-19 18:11:11,1629393071000,3.0993335247039795,1694.0
10,Bin 0,2021-08-19 18:11:14,1629393074000,4.369568347930908,1697.0
10,Bin 0,2021-08-19 18:11:16,1629393076000,2.653716564178467,1699.0
10,Bin 0,2021-08-19 18:11:19,1629393079000,3.0873725414276123,1702.0
10,Bin 0,2021-08-19 18:11:22,1629393082000,4.144627571105957,1705.0
10,Bin 0,2021-08-19 18:11:25,1629393085000,2.4898967742919917,1708.0
10,Bin 0,2021-08-19 18:11:28,1629393088000,2.343017816543579,1711.0
10,Bin 0,2021-08-19 18:11:31,1629393091000,4.158004283905028,1714.0
10,Bin 0,2021-08-19 18:11:34,1629393094000,4.553733825683594,1717.0
10,Bin 0,2021-08-19 18:11:37,1629393097000,4.293520450592041,1720.0
10,Bin 0,2021-08-19 18:11:39,1629393099000,5.189413547515869,1722.0
10,Bin 0,2021-08-19 18:11:42,1629393102000,3.6252408027648926,1725.0
10,Bin 0,2021-08-19 18:11:45,1629393105000,2.6315789222717285,1728.0
10,Bin 0,2021-08-19 18:11:48,1629393108000,3.865979433059693,1731.0
10,Bin 0,2021-08-19 18:11:51,1629393111000,3.8419671058654794,1734.0
10,Bin 0,2021-08-19 18:11:53,1629393113000,2.732579708099365,1736.0
10,Bin 0,2021-08-19 18:11:56,1629393116000,5.107526779174805,1739.0
10,Bin 0,2021-08-19 18:11:58,1629393118000,2.531645536422729,1741.0
10,Bin 0,2021-08-19 18:12:01,1629393121000,3.5360679626464844,1744.0
10,Bin 0,2021-08-19 18:12:04,1629393124000,2.2074568271636963,1747.0
10,Bin 0,2021-08-19 18:12:07,1629393127000,4.425794124603272,1750.0
10,Bin 0,2021-08-19 18:12:10,1629393130000,2.994770765304565,1753.0
10,Bin 0,2021-08-19 18:12:12,1629393132000,1.9461878538131716,1755.0
10,Bin 0,2021-08-19 18:12:15,1629393135000,3.0424420833587646,1758.0
10,Bin 0,2021-08-19 18:12:19,1629393139000,3.8580245971679688,1762.0
10,Bin 0,2021-08-19 18:12:22,1629393142000,2.7209715843200684,1765.0
10,Bin 0,2021-08-19 18:12:25,1629393145000,2.64550256729126,1768.0
10,Bin 0,2021-08-19 18:12:28,1629393148000,2.277106285095215,1771.0
10,Bin 0,2021-08-19 18:12:31,1629393151000,4.229403018951416,1774.0
10,Bin 0,2021-08-19 18:12:34,1629393154000,4.0995826721191415,1777.0
10,Bin 0,2021-08-19 18:12:37,1629393157000,3.4500603675842285,1780.0
10,Bin 0,2021-08-19 18:12:39,1629393159000,2.935010433197021,1782.0
10,Bin 0,2021-08-19 18:12:42,1629393162000,3.5415642261505127,1785.0
10,Bin 0,2021-08-19 18:12:45,1629393165000,2.9322073459625244,1788.0
10,Bin 0,2021-08-19 18:12:48,1629393168000,3.641992092132568,1791.0
10,Bin 0,2021-08-19 18:12:51,1629393171000,2.7264795303344727,1794.0
10,Bin 0,2021-08-19 18:12:54,1629393174000,2.384965181350708,1797.0
10,Bin 0,2021-08-19 18:12:57,1629393177000,3.69003701210022,1800.0
10,Bin 0,2021-08-19 18:13:00,1629393180000,2.2002201080322266,1803.0
10,Bin 0,2021-08-19 18:13:03,1629393183000,2.8904519081115723,1806.0
10,Bin 0,2021-08-19 18:13:06,1629393186000,2.0425670146942143,1809.0
10,Bin 0,2021-08-19 18:13:08,1629393188000,2.5753793716430664,1811.0
10,Bin 0,2021-08-19 18:13:11,1629393191000,3.233891248703003,1814.0
10,Bin 0,2021-08-19 18:13:14,1629393194000,1.8910343647003172,1817.0
10,Bin 0,2021-08-19 18:13:17,1629393197000,2.6576306819915767,1820.0
10,Bin 0,2021-08-19 18:13:20,1629393200000,3.5236082077026367,1823.0
10,Bin 0,2021-08-19 18:13:23,1629393203000,2.9100530147552486,1826.0000000000002
10,Bin 0,2021-08-19 18:13:26,1629393206000,4.162949562072754,1829.0000000000002
10,Bin 0,2021-08-19 18:13:29,1629393209000,2.1164021492004395,1832.0000000000002
10,Bin 0,2021-08-19 18:13:31,1629393211000,3.1625554561614986,1834.0000000000002
10,Bin 0,2021-08-19 18:13:34,1629393214000,3.404834747314453,1837.0000000000002
10,Bin 0,2021-08-19 18:13:37,1629393217000,4.126004695892334,1840.0000000000002
10,Bin 0,2021-08-19 18:13:40,1629393220000,2.6927218437194824,1843.0000000000002
10,Bin 0,2021-08-19 18:13:43,1629393223000,3.086684465408325,1846.0000000000002
10,Bin 0,2021-08-19 18:13:46,1629393226000,3.610875129699707,1849.0000000000002
10,Bin 0,2021-08-19 18:13:49,1629393229000,2.488800287246704,1852.0000000000002
10,Bin 0,2021-08-19 18:13:51,1629393231000,3.6142973899841313,1854.0000000000002
10,Bin 0,2021-08-19 18:13:54,1629393234000,2.8750503063201904,1857.0000000000002
10,Bin 0,2021-08-19 18:13:57,1629393237000,2.7910685539245605,1860.0000000000002
10,Bin 0,2021-08-19 18:14:00,1629393240000,4.122861385345459,1863.0000000000002
10,Bin 0,2021-08-19 18:14:03,1629393243000,3.69003701210022,1866.0000000000002
10,Bin 0,2021-08-19 18:14:05,1629393245000,3.2499186992645264,1868.0000000000002
10,Bin 0,2021-08-19 18:14:08,1629393248000,2.795999526977539,1871.0000000000002
10,Bin 0,2021-08-19 18:14:11,1629393251000,2.241750240325928,1874.0000000000002
10,Bin 0,2021-08-19 18:14:13,1629393253000,2.043875217437744,1876.0000000000002
10,Bin 0,2021-08-19 18:14:16,1629393256000,2.5530242919921875,1879.0000000000002
10,Bin 0,2021-08-19 18:14:19,1629393259000,2.9512827396392822,1882.0000000000002
10,Bin 0,2021-08-19 18:14:21,1629393261000,2.835394382476806,1884.0000000000002
10,Bin 0,2021-08-19 18:14:24,1629393264000,3.0596635341644287,1887.0000000000002
10,Bin 0,2021-08-19 18:14:27,1629393267000,3.1446540355682373,1890.0000000000002
10,Bin 0,2021-08-19 18:14:30,1629393270000,2.4052503108978267,1893.0000000000002
10,Bin 0,2021-08-19 18:14:33,1629393273000,1.7317141294479368,1896.0000000000002
10,Bin 0,2021-08-19 18:14:36,1629393276000,4.123711109161377,1899.0000000000002
10,Bin 0,2021-08-19 18:14:38,1629393278000,1.9152196645736692,1901.0000000000002
10,Bin 0,2021-08-19 18:14:41,1629393281000,2.787734031677246,1904.0000000000002
10,Bin 0,2021-08-19 18:14:44,1629393284000,2.2031283378601074,1907.0000000000002
10,Bin 0,2021-08-19 18:14:46,1629393286000,2.438591718673706,1909.0000000000002
10,Bin 0,2021-08-19 18:14:49,1629393289000,3.233891248703003,1912.0000000000002
10,Bin 0,2021-08-19 18:14:52,1629393292000,3.876680850982666,1915.0000000000002
10,Bin 0,2021-08-19 18:14:56,1629393296000,3.935624361038208,1919.0000000000002
10,Bin 0,2021-08-19 18:14:58,1629393298000,1.8338528871536253,1921.0000000000002
10,Bin 0,2021-08-19 18:15:01,1629393301000,2.185696840286255,1924.0000000000002
10,Bin 0,2021-08-19 18:15:04,1629393304000,2.9322073459625244,1927.0000000000002
10,Bin 0,2021-08-19 18:15:07,1629393307000,2.091350078582764,1930.0000000000002
10,Bin 0,2021-08-19 18:15:10,1629393310000,2.4626903533935547,1933.0000000000002
10,Bin 0,2021-08-19 18:15:13,1629393313000,3.1011872291564937,1936.0000000000002
10,Bin 0,2021-08-19 18:15:16,1629393316000,3.8183207511901855,1939.0000000000002
10,Bin 0,2021-08-19 18:15:18,1629393318000,2.258100986480713,1941.0000000000002
10,Bin 0,2021-08-19 18:15:21,1629393321000,3.016801357269287,1944.0000000000002
10,Bin 0,2021-08-19 18:15:23,1629393323000,2.0721094608306885,1946.0000000000002
10,Bin 0,2021-08-19 18:15:26,1629393326000,3.2553954124450684,1949.0000000000002
10,Bin 0,2021-08-19 18:15:29,1629393329000,2.8864192962646484,1952.0000000000002
10,Bin 0,2021-08-19 18:15:31,1629393331000,1.5452197790145874,1954.0000000000002
10,Bin 0,2021-08-19 18:15:34,1629393334000,0.9355630874633788,1957.0000000000002
10,Bin 0,2021-08-19 18:15:37,1629393337000,2.1958718299865723,1960.0000000000002
10,Bin 0,2021-08-19 18:15:40,1629393340000,3.85583233833313,1963.0000000000002
10,Bin 0,2021-08-19 18:15:42,1629393342000,2.2591722011566158,1965.0000000000002
10,Bin 0,2021-08-19 18:15:45,1629393345000,2.0161697864532466,1968.0000000000002
10,Bin 0,2021-08-19 18:15:48,1629393348000,1.4634146690368652,1971.0000000000002
10,Bin 0,2021-08-19 18:15:50,1629393350000,1.1258472204208374,1973.0000000000002
10,Bin 0,2021-08-19 18:15:53,1629393353000,2.72399640083313,1976.0000000000002
10,Bin 0,2021-08-19 18:15:56,1629393356000,1.9789245128631592,1979.0000000000002
10,Bin 0,2021-08-19 18:15:59,1629393359000,3.149322986602783,1982.0000000000002
10,Bin 0,2021-08-19 18:16:02,1629393362000,3.131605625152588,1985.0000000000002
10,Bin 0,2021-08-19 18:16:04,1629393364000,3.0585355758666988,1987.0000000000002
10,Bin 0,2021-08-19 18:16:08,1629393368000,4.2109694480896005,1991.0000000000002
10,Bin 0,2021-08-19 18:16:10,1629393370000,2.4750025272369385,1993.0000000000002
10,Bin 0,2021-08-19 18:16:13,1629393373000,3.675198793411255,1996.0000000000002
10,Bin 0,2021-08-19 18:16:16,1629393376000,2.4108004570007324,1999.0000000000002
10,Bin 0,2021-08-19 18:16:19,1629393379000,4.534866809844972,2002.0000000000002
10,Bin 0,2021-08-19 18:16:22,1629393382000,3.841352224349976,2005.0000000000002
10,Bin 0,2021-08-19 18:16:25,1629393385000,2.369106769561768,2008.0000000000002
10,Bin 0,2021-08-19 18:16:27,1629393387000,2.055128812789917,2010.0000000000002
10,Bin 0,2021-08-19 18:16:30,1629393390000,4.189554214477538,2013.0000000000002
10,Bin 0,2021-08-19 18:16:34,1629393394000,3.1320960521698,2017.0000000000002
10,Bin 0,2021-08-19 18:16:36,1629393396000,3.4775350093841557,2019.0000000000002
10,Bin 0,2021-08-19 18:16:39,1629393399000,4.46030330657959,2022.0000000000002
10,Bin 0,2021-08-19 18:16:42,1629393402000,3.3352391719818115,2025.0000000000002
10,Bin 0,2021-08-19 18:16:44,1629393404000,1.9992003440856931,2027.0000000000002
10,Bin 0,2021-08-19 18:16:48,1629393408000,2.6837081909179688,2031.0000000000002
10,Bin 0,2021-08-19 18:16:51,1629393411000,3.6260037422180176,2034.0000000000002
10,Bin 0,2021-08-19 18:16:55,1629393415000,2.612330198287964,2038.0000000000002
10,Bin 0,2021-08-19 18:16:57,1629393417000,2.55623722076416,2040.0000000000002
10,Bin 0,2021-08-19 18:17:01,1629393421000,2.8205761909484863,2044.0000000000002
10,Bin 0,2021-08-19 18:17:03,1629393423000,2.7440054416656494,2046.0000000000002
10,Bin 0,2021-08-19 18:17:06,1629393426000,3.1133251190185547,2049.0
10,Bin 0,2021-08-19 18:17:09,1629393429000,2.049558401107788,2052.0
10,Bin 0,2021-08-19 18:17:12,1629393432000,3.600550651550293,2055.0
10,Bin 0,2021-08-19 18:17:14,1629393434000,2.317389726638794,2057.0
10,Bin 0,2021-08-19 18:17:17,1629393437000,2.0183897018432617,2060.0
10,Bin 0,2021-08-19 18:17:20,1629393440000,3.722834825515747,2063.0
10,Bin 0,2021-08-19 18:17:23,1629393443000,2.5754528045654297,2066.0
10,Bin 0,2021-08-19 18:17:26,1629393446000,2.7882635593414307,2069.0
10,Bin 0,2021-08-19 18:17:29,1629393449000,2.4002399444580083,2072.0
10,Bin 0,2021-08-19 18:17:32,1629393452000,4.156877040863037,2075.0
10,Bin 0,2021-08-19 18:17:35,1629393455000,2.424732208251953,2078.0
10,Bin 0,2021-08-19 18:17:37,1629393457000,2.962962865829468,2080.0
10,Bin 0,2021-08-19 18:17:40,1629393460000,3.177085876464844,2083.0
10,Bin 0,2021-08-19 18:17:43,1629393463000,2.840102195739746,2086.0
10,Bin 0,2021-08-19 18:17:46,1629393466000,2.547947645187378,2089.0
10,Bin 0,2021-08-19 18:17:49,1629393469000,1.7373930215835571,2092.0
10,Bin 0,2021-08-19 18:17:52,1629393472000,3.1381778717041016,2095.0
10,Bin 0,2021-08-19 18:17:54,1629393474000,4.136076927185059,2097.0
10,Bin 0,2021-08-19 18:17:57,1629393477000,1.5660480260849,2100.0
10,Bin 0,2021-08-19 18:18:00,1629393480000,2.834007978439331,2103.0
10,Bin 0,2021-08-19 18:18:03,1629393483000,3.91006851196289,2106.0
10,Bin 0,2021-08-19 18:18:06,1629393486000,3.185119152069092,2109.0
10,Bin 0,2021-08-19 18:18:09,1629393489000,3.31345272064209,2112.0
10,Bin 0,2021-08-19 18:18:11,1629393491000,2.548809766769409,2114.0
10,Bin 0,2021-08-19 18:18:14,1629393494000,2.209545135498047,2117.0
10,Bin 0,2021-08-19 18:18:17,1629393497000,3.3330066204071045,2120.0
10,Bin 0,2021-08-19 18:18:20,1629393500000,3.4135518074035645,2123.0
10,Bin 0,2021-08-19 18:18:23,1629393503000,3.3839516639709477,2126.0
10,Bin 0,2021-08-19 18:18:26,1629393506000,4.180602073669434,2129.0
10,Bin 0,2021-08-19 18:18:29,1629393509000,3.0398833751678467,2132.0
10,Bin 0,2021-08-19 18:18:31,1629393511000,3.334314107894897,2134.0
10,Bin 0,2021-08-19 18:18:35,1629393515000,1.8556005954742432,2138.0
10,Bin 0,2021-08-19 18:18:37,1629393517000,3.438511371612549,2140.0
10,Bin 0,2021-08-19 18:18:40,1629393520000,2.7519779205322266,2143.0
10,Bin 0,2021-08-19 18:18:43,1629393523000,1.7272435426712036,2146.0
10,Bin 0,2021-08-19 18:18:46,1629393526000,2.1786491870880127,2149.0
10,Bin 0,2021-08-19 18:18:48,1629393528000,2.15049147605896,2151.0
10,Bin 0,2021-08-19 18:18:51,1629393531000,3.0012004375457764,2154.0
